001;V1.19;7/7/2019 12:02:14 AM
UTC;'Richtungswinkel' [°];'Speed over gnd.' [kn];'SpeedThrWater' [kn];'Latitude' [°];'Latitude dir' [];'Latitude' [°];'Longitude dir' [];'MainEngine FlowRateHr' [kg/h];'MainEngine kg total HFO' [kg];'MainEngine kg total DFO' [kg];'MainEngine running Time' [min];'AuxEngine FlowRateHr' [kg/h];'AuxEngine kg total HFO' [kg];'AuxEngine kg total DFO' [kg];'AuxEngine running Time' [min];'Boiler FlowRateHr' [kg/h];'Boiler kg total HFO' [kg];'Boiler kg total DFO' [kg];'Boiler running Time' [min];'SHP-Speed' [rpm];'SHP-Torque' [kNm];'SP-Power' [kW];'Engine load' [%];'SP-Speed' [%];'SFOC' [g/kWh];'Propeller slip' [%];'Efficiency' [kg/nm]
7/7/2019 12:02:14 AM;12.8823333333334;6.4519198664441;12.9386956521739;1622.292458;N;2332.44133566667;W;746.36658100782;3780133.75928942;1494620.74755832;413900.362604721;92.0633268356323;581395.485149678;279574.616939131;604581.904476237;0;135454.760331975;96675.4982800553;278366.095214364;88.7276749435666;473.766368623025;4401.66281351636;72.1584067789566;89.6239140844106;169.673318945483;15.174270975451;64.7954798239743
7/7/2019 12:07:14 AM;12.9003333333334;6.45016666666669;12.9864666666667;1623.302766;N;2332.041768;W;744.815821319602;3780196.01974419;1494620.74755832;413905.367554721;97.6256811618805;581403.455536134;279574.616939131;604586.909409571;0;135454.760331975;96675.4982800553;278366.095214364;88.7768918918919;471.770327927928;4385.55897846045;71.8944094829582;89.6736281736281;169.796207913701;14.8518698347672;64.8685841919096
7/7/2019 12:12:14 AM;12.8950000000001;6.44750000000003;13.0113333333333;1624.31759;N;2331.65157133333;W;746.426210514756;3780258.06897094;1494620.74755832;413910.369354721;89.3917322158813;581411.228547347;279574.616939131;604591.911209572;0;135454.760331975;96675.4982800553;278366.095214364;88.6193243243244;472.491213063063;4384.41267379174;71.8756176031433;89.5144690144689;170.319153630532;14.4150990902506;64.2560115436359
7/7/2019 12:17:14 AM;12.9496666666667;6.47483333333334;12.8193666666667;1625.32992433333;N;2331.26161566667;W;748.366299657715;3780320.58836413;1494620.74755832;413915.375538055;84.6340334415436;581418.363319485;279574.616939131;604596.917392905;0;135454.760331975;96675.4982800553;278366.095214364;88.5442889390519;475.618519413093;4409.7060212303;72.2902626431196;89.4386756960119;169.718225419172;15.993676392261;64.9859814329934
7/7/2019 12:22:14 AM;13.1029999999999;6.55149999999996;12.8813333333333;1626.354931;N;2330.87651066667;W;748.369486952016;3780383.00757271;1494620.74755832;413920.377971389;88.315064907074;581425.62826731;279574.616939131;604601.919826239;0;135454.760331975;96675.4982800553;278366.095214364;88.6270428893906;474.838818735892;4406.64093870867;72.2400153886667;89.5222655448388;170.084400201088;15.4971501846582;64.9549559126404
7/7/2019 12:27:14 AM;13.102;6.55099999999998;12.8030333333333;1627.389575;N;2330.49256166666;W;748.60427336697;3780445.4522072;1494620.74755832;413925.381571389;88.9570069313049;581433.009394102;279574.616939131;604606.923426239;0;135454.760331975;96675.4982800553;278366.095214364;88.4716930022573;475.006298645598;4400.43863633829;72.1383383006277;89.3653464669265;170.275570689346;16.0940169429745;65.4304995470104
7/7/2019 12:32:14 AM;13.1793333333333;6.58966666666664;12.7923333333333;1628.42130233333;N;2330.10016466667;W;749.790961658243;3780507.88531106;1494620.74755832;413930.385104723;87.6341986656189;581440.343060943;279574.616939131;604611.926959573;0;135454.760331975;96675.4982800553;278366.095214364;88.4937556561085;475.511123529412;4406.22715704192;72.2332320826543;89.3876319758672;170.090871066856;16.2052201918069;65.459950010202
7/7/2019 12:37:14 AM;13.2336666666667;6.61683333333333;12.8800333333333;1629.45511966667;N;2329.69482466666;W;745.306842562071;3780570.13830403;1494620.74755832;413935.388704724;98.3398246765137;581448.147659069;279574.616939131;604616.930559574;0;135454.760331975;96675.4982800553;278366.095214364;88.6;475.0114240991;4406.88238245868;72.2439734829291;89.4949494949495;168.732037110495;15.7409541219939;65.4983391313375
7/7/2019 12:42:14 AM;13.2846666666667;6.64233333333335;12.9338333333333;1630.48949366667;N;2329.27619466667;W;751.521567910806;3780632.52748926;1494620.74755832;413940.392004724;86.1302983760834;581455.806102586;279574.616939131;604621.933859574;0;135454.760331975;96675.4982800553;278366.095214364;88.7038374717833;475.064167720091;4412.5341648193;72.3366256527756;89.599835830084;170.425701088939;15.1938125626421;64.7583089004387
7/7/2019 12:47:14 AM;13.206;6.60299999999998;12.886;1631.523635;N;2328.85997633333;W;752.137138491491;3780694.84254732;1494620.74755832;413945.319904724;87.9279504388066;581462.980302976;279574.616939131;604626.861759574;0;135454.760331975;96675.4982800553;278366.095214364;88.7005405405406;473.224410135135;4395.29478918399;72.0540129374424;89.5965055965055;170.949581792881;15.7703149277693;65.1881096010449
7/7/2019 12:52:14 AM;13.2153333333333;6.60766666666664;12.7934666666667;1632.558445;N;2328.45422066666;W;746.941706672179;3780756.89881985;1494620.74755832;413950.33152139;91.1792135238647;581470.474788414;279574.616939131;604631.873376241;0;135454.760331975;96675.4982800553;278366.095214364;88.4347058823529;473.813429411765;4387.55176144624;71.9270780564958;89.3279857397504;170.208164584466;16.1310737255641;65.5122435027042
7/7/2019 12:57:14 AM;13.2623333333333;6.63116666666667;12.8576666666666;1633.60271666666;N;2328.05280133334;W;747.655023771492;3780819.23497879;1494620.74755832;413955.335838058;93.1316220760345;581478.114681404;279574.616939131;604636.877692908;0;135454.760331975;96675.4982800553;278366.095214364;88.5713769751693;473.710286681716;4393.38479270742;72.0227015197938;89.4660373486557;170.234021023408;15.7621844382646;65.3970267474944
7/7/2019 1:02:14 AM;13.2316666666666;6.61583333333331;12.827;1634.63814566666;N;2327.65529933333;W;746.992709492215;3780881.74481681;1494620.74755832;413960.341571391;93.7401115894318;581486.04866507;279574.616939131;604641.883426241;0;135454.760331975;96675.4982800553;278366.095214364;88.5109706546276;475.536226185101;4407.31256010794;72.2510255755399;89.4050208632602;169.366296729103;16.0270969996449;65.5387353111812
7/7/2019 1:07:14 AM;13.1476666666666;6.57383333333331;12.8492;1635.67682133333;N;2327.26453533334;W;746.417950722599;3780943.96487831;1494620.74755832;413965.349738058;90.5838596820831;581493.592273111;279574.616939131;604646.891592908;0;135454.760331975;96675.4982800553;278366.095214364;88.4306546275394;474.012567494356;4389.20007545731;71.9540995976609;89.3238935631712;170.213614421097;15.6095147151245;65.1512323256564
7/7/2019 1:12:14 AM;12.9863333333333;6.49316666666667;12.8062;1636.70747033333;N;2326.88510233333;W;731.221166926975;3781005.44883418;1494620.74755832;413970.268138058;90.9993696212769;581501.088947639;279574.616939131;604651.810009575;0;135454.760331975;96675.4982800553;278366.095214364;88.4237104072398;474.973088235294;4397.75954059724;72.0944186983154;89.316879199232;166.411110394754;15.9743398026183;64.2165266822124
7/7/2019 1:17:14 AM;12.9103333333334;6.45516666666669;12.7062;1637.730534;N;2326.51165866667;W;747.178257697789;3781067.14982455;1494620.74755832;413975.272754725;95.654354095459;581508.971230585;279574.616939131;604656.814609576;0;135454.760331975;96675.4982800553;278366.095214364;88.1571428571428;474.536055102041;4380.44888282662;71.8106374233873;89.0476190476189;170.72301163004;16.4474750725942;66.3394841488623
7/7/2019 1:22:14 AM;12.9246666666667;6.46233333333335;12.7751333333333;1638.750027;N;2326.11733766666;W;744.765413058306;3781129.41409616;1494620.74755832;413980.274738059;89.0663945674896;581516.681133697;279574.616939131;604661.816592909;0;135454.760331975;96675.4982800553;278366.095214364;88.3212217194569;475.3245;4395.89304219322;72.0638203638233;89.2133552721786;169.594647284192;16.1018123115567;65.2672798411559
7/7/2019 1:27:14 AM;13.017;6.50849999999999;12.8260666666667;1639.764605;N;2325.72044533333;W;747.851962527248;3781191.65033034;1494620.74755832;413985.276504726;86.4138329029083;581524.029517653;279574.616939131;604666.818376243;0;135454.760331975;96675.4982800553;278366.095214364;88.4815384615384;474.659973529412;4397.73270333789;72.0939787432442;89.3752913752914;170.009170047657;15.8691718583421;65.0433829173265
7/7/2019 1:32:14 AM;12.9996666666667;6.49983333333334;12.8535;1640.78249333333;N;2325.32323066667;W;748.705401536748;3781254.04359207;1494620.74755832;413990.28448806;95.1971161365509;581531.661141546;279574.616939131;604671.82634291;0;135454.760331975;96675.4982800553;278366.095214364;88.4903837471783;474.192302031602;4393.83104591152;72.0300171460906;89.3842260072508;170.38439689829;15.6949931395132;65.6546276761125
7/7/2019 1:37:14 AM;12.9090000000001;6.45450000000003;12.761;1641.79466333334;N;2324.92419133333;W;745.185855938043;3781316.36039016;1494620.74755832;413995.28718806;95.5825209617615;581539.472702071;279574.616939131;604676.82904291;0;135454.760331975;96675.4982800553;278366.095214364;88.3126696832579;475.049170588236;4392.91659662697;72.0150261742126;89.2047168517756;169.696916950608;16.3022588566107;65.8887837615494
7/7/2019 1:42:14 AM;12.8853333333334;6.4426666666667;12.7363;1642.804678;N;2324.53103266666;W;745.013616393553;3781378.47596689;1494620.74755832;414000.289571394;94.7283661365509;581547.49478068;279574.616939131;604681.831426244;0;135454.760331975;96675.4982800553;278366.095214364;88.2054421768707;475.837260770975;4394.86911250598;72.0470346312456;89.0964062392634;169.556309308546;16.3497019657277;65.9359905568573
7/7/2019 1:47:14 AM;12.9686666666667;6.48433333333334;12.8096;1643.81387266667;N;2324.13181533333;W;746.903769279288;3781440.62253265;1494620.74755832;414005.291338061;93.3130037784576;581555.191136658;279574.616939131;604686.833192911;0;135454.760331975;96675.4982800553;278366.095214364;88.3914027149322;473.804644117647;4385.28514882327;71.8899204725126;89.284245166598;170.254711825425;15.9367502717808;65.5908360374961
7/7/2019 1:52:14 AM;13.0003333333333;6.50016666666667;12.8873666666666;1644.828461;N;2323.73127333333;W;747.892838313189;3781503.08207099;1494620.74755832;414010.301254728;91.9484853744507;581563.038680352;279574.616939131;604691.843109577;0;135454.760331975;96675.4982800553;278366.095214364;88.4264253393665;472.802097058824;4377.74674803393;71.7663401317037;89.3196215549156;170.684376583835;15.3907927667702;65.1691970282162
7/7/2019 1:57:14 AM;12.9863333333333;6.49316666666667;12.7268;1645.84685133333;N;2323.34000399999;W;745.973164660881;3781565.37711141;1494620.74755832;414015.313554728;88.6110842227936;581570.661257823;279574.616939131;604696.855409577;0;135454.760331975;96675.4982800553;278366.095214364;88.2650226244343;474.384132352941;4384.39667858065;71.8753553865681;89.1565885095296;170.150529221675;16.3764980046869;65.5736470346877
7/7/2019 2:02:14 AM;13.0346666666666;6.51733333333332;12.8456;1646.86609833333;N;2322.94667;W;749.068180515539;3781627.31847667;1494620.74755832;414020.237938061;92.0641022213435;581577.963135624;279574.616939131;604701.77979291;0;135454.760331975;96675.4982800553;278366.095214364;88.4166515837104;475.726917647059;4404.38408450384;72.2030177787515;89.3097490744548;170.013645787654;15.6729791228904;65.4806801565347
7/7/2019 2:07:14 AM;12.981;6.49050000000001;12.8263;1647.884397;N;2322.545307;W;747.2892105595;3781689.20900803;1494620.74755832;414025.239988062;95.1645112037659;581585.74986275;279574.616939131;604706.78184291;0;135454.760331975;96675.4982800553;278366.095214364;88.3197285067874;473.776838235294;4381.50169543833;71.8278966465301;89.2118469765527;170.561774726824;15.6600320792875;65.675570803452
7/7/2019 2:12:14 AM;12.8440000000001;6.42200000000003;12.7408666666666;1648.897764;N;2322.156849;W;745.574202171013;3781751.46176505;1494620.74755832;414030.244254729;96.1621606349945;581593.792080145;279574.616939131;604711.786109578;0;135454.760331975;96675.4982800553;278366.095214364;88.0551818181819;473.725176363636;4367.89145003445;71.6047778694173;88.9446280991736;170.745615672607;16.1077450705767;66.0586013945914
7/7/2019 2:17:14 AM;12.7343333333333;6.36716666666664;12.6201333333334;1649.90220266667;N;2321.77187566667;W;744.118438410979;3781813.60850411;1494620.74755832;414035.246054729;90.6940090656281;581601.501838729;279574.616939131;604716.787909578;0;135454.760331975;96675.4982800553;278366.095214364;87.7616856492028;473.427067653758;4350.62013992297;71.3216416380816;88.6481673224272;171.097352756326;16.7514023981172;66.147828916544
7/7/2019 2:22:14 AM;12.791;6.39550000000002;12.5989666666667;1650.901996;N;2321.38079266667;W;744.758866400088;3781875.62124339;1494620.74755832;414040.256254729;89.9814784526825;581609.060374939;279574.616939131;604721.798109578;0;135454.760331975;96675.4982800553;278366.095214364;87.8563636363636;474.878453636364;4368.65208235276;71.6172472516847;88.7438016528926;170.464928580257;17.1309010800448;66.2559370797533
7/7/2019 2:27:14 AM;12.8253333333334;6.41266666666669;12.6935333333333;1651.91010766667;N;2320.99903633334;W;747.360344763175;3781937.89072173;1494620.74755832;414045.258921396;89.7103893756866;581616.628924687;279574.616939131;604726.800776245;0;135454.760331975;96675.4982800553;278366.095214364;87.9021818181818;473.840675454546;4361.39691895795;71.4983101468517;88.790082644628;171.316087431523;16.3920894758258;65.9508574463977
7/7/2019 2:32:14 AM;12.8260000000001;6.41300000000003;12.7368666666667;1652.92306733333;N;2320.62510766667;W;747.361022045679;3782000.23370548;1494620.74755832;414050.264404729;87.9778826236725;581624.046226425;279574.616939131;604731.806259578;0;135454.760331975;96675.4982800553;278366.095214364;88.1503401360543;474.41372244898;4378.98680773598;71.7866689792783;89.0407476121761;170.79753755481;16.1728656082435;65.5854017157324
7/7/2019 2:37:14 AM;12.8463333333334;6.4231666666667;12.8397333333333;1653.93735366667;N;2320.24867166667;W;748.058104433417;3782062.63790816;1494620.74755832;414055.266138063;92.8152537345886;581631.571640701;279574.616939131;604736.807992912;0;135454.760331975;96675.4982800553;278366.095214364;88.3343891402714;474.208597058824;4386.25159989653;71.90576393273;89.2266556972439;170.49982497384;15.6126800657055;65.4935331694047
7/7/2019 2:42:14 AM;12.7513333333333;6.37566666666667;12.8316666666667;1654.95603733333;N;2319.86795;W;745.330766330898;3782124.85389527;1494620.74755832;414060.268438063;91.7232406139374;581639.290261249;279574.616939131;604741.810292912;0;135454.760331975;96675.4982800553;278366.095214364;88.0930909090909;474.982814090909;4381.39190618488;71.8260968227029;88.9829201101927;170.221246307804;15.249894630473;65.2340970987914
7/7/2019 2:47:14 AM;12.7613333333334;6.38066666666669;12.7330333333334;1655.94910833333;N;2319.47745666666;W;744.24299044142;3782186.96198334;1494620.74755832;414065.275221397;94.0759027004242;581646.90210596;279574.616939131;604746.817092912;0;135454.760331975;96675.4982800553;278366.095214364;88.1491156462584;474.323105668934;4378.0806032069;71.7718131673263;89.0395107537963;170.1052751689;16.2171815272645;65.8369050180287
7/7/2019 2:52:14 AM;12.7593333333333;6.37966666666665;12.8224;1656.94907333334;N;2319.08150033333;W;744.741851608944;3782249.03848055;1494620.74755832;414070.277238064;94.8609638214111;581654.927820208;279574.616939131;604751.819092913;0;135454.760331975;96675.4982800553;278366.095214364;88.205306122449;473.392060997732;4372.25515558065;71.6763140259124;89.0962688105546;170.413510359309;15.5606165805464;65.4718272853908
7/7/2019 2:57:14 AM;12.707;6.35349999999999;12.7764666666667;1657.94419533333;N;2318.687896;W;746.903481303418;3782311.15345874;1494620.74755832;414075.281021398;94.4722294807434;581662.780723208;279574.616939131;604756.822876246;0;135454.760331975;96675.4982800553;278366.095214364;88.2408597285067;473.819485294118;4377.98532854186;71.7702512875716;89.132181543946;170.506439719555;16.119566844284;65.8554821745792
7/7/2019 3:02:14 AM;12.6663333333333;6.33316666666664;12.7706666666667;1658.94039666666;N;2318.29941266666;W;746.903508460607;3782373.49981169;1494620.74755832;414080.282688065;97.1215581893921;581670.71248596;279574.616939131;604761.824542913;0;135454.760331975;96675.4982800553;278366.095214364;88.0750909090909;474.065847272728;4372.02197690877;71.672491424734;88.964738292011;170.855481805226;15.8643598285656;66.0986048825306
7/7/2019 3:07:14 AM;12.6293333333333;6.31466666666664;12.6746333333333;1677.13161433334;N;2317.91090533333;W;747.448340392131;3782435.88475451;1494620.74755832;414085.292488065;98.3859837055206;581678.959732201;279574.616939131;604766.834342914;0;135454.760331975;96675.4982800553;278366.095214364;88.0409523809524;473.8998569161;4368.80267424072;71.6197159711593;88.9302549302549;171.117827886378;16.6524423105364;66.7314177018621
7/7/2019 3:12:14 AM;12.5273333333333;6.26366666666667;12.5827;1700.91598133333;N;2317.521982;W;739.507081104533;3782497.94722457;1494620.74755832;414090.296371399;101.005879640579;581687.280793539;279574.616939131;604771.838226247;0;135454.760331975;96675.4982800553;278366.095214364;87.5694520547944;474.934099086758;4354.89380300297;71.3917016885734;88.45399197454;169.812441377514;17.0113828937975;66.7978967123004
7/7/2019 3:17:14 AM;12.5929999999999;6.29649999999996;12.6223333333333;1701.89231166667;N;2317.12323966666;W;746.433164319766;3782559.84858901;1494620.74755832;414095.298938066;89.4908809661865;581695.174526348;279574.616939131;604776.840792914;0;135454.760331975;96675.4982800553;278366.095214364;87.8529840546697;475.141945330296;4370.86848107747;71.6535816570077;88.7403879340098;170.71200812158;16.8303529089196;66.2198378143958
7/7/2019 3:22:14 AM;12.721;6.36049999999998;12.7104666666667;1702.885026;N;2316.73563333333;W;746.303074098903;3782622.05516677;1494620.74755832;414100.3007214;92.0810437202454;581702.666925548;279574.616939131;604781.842576248;0;135454.760331975;96675.4982800553;278366.095214364;87.9863945578231;474.833209750567;4374.67232724105;71.7159397908367;88.8751460180033;170.552315015193;16.294689195963;65.9639833617209
7/7/2019 3:27:14 AM;12.7293333333334;6.36466666666668;12.6622666666667;1703.881588;N;2316.348256;W;744.875499323567;3782684.35217904;1494620.74755832;414105.311004733;89.6246874332428;581710.29528274;279574.616939131;604786.852859581;0;135454.760331975;96675.4982800553;278366.095214364;87.8771753986333;474.786328701595;4368.79828143574;71.619643957963;88.7648236349832;170.404746043758;16.5693680080344;65.9023424373047
7/7/2019 3:32:14 AM;12.708;6.35399999999998;12.6366333333333;1704.878099;N;2315.95244833333;W;741.849252765047;3782745.82794122;1494620.74755832;414110.2324214;91.7481943712396;581717.911670342;279574.616939131;604791.774276248;0;135454.760331975;96675.4982800553;278366.095214364;87.8276993166288;475.044646697039;4368.721313486;71.6183821882951;88.7148477945745;169.827142112835;16.7341192136924;65.9672518627955
7/7/2019 3:37:14 AM;12.759;6.37950000000002;12.5836666666667;1705.88176633333;N;2315.57744466667;W;747.805836974273;3782807.39498495;1494620.74755832;414115.237488067;92.5027799606323;581725.386303153;279574.616939131;604796.779342915;0;135454.760331975;96675.4982800553;278366.095214364;87.6363553530751;475.608429157176;4364.3930191728;71.5474265438165;88.5215710637123;171.234604586999;17.0436257016169;66.7837388614104
7/7/2019 3:42:14 AM;12.8053333333334;6.41335559265445;12.6663210702341;1706.889158;N;2315.20164133333;W;741.808688230523;3782869.55524349;1494620.74755832;414120.242971401;88.7628185749054;581733.063631339;279574.616939131;604801.784826249;0;135454.760331975;96675.4982800553;278366.095214364;87.7424145785876;476.208881093394;4375.17326497455;71.7241518848287;88.628701594533;169.519295262209;16.4402214524626;65.5752295504373
7/7/2019 3:47:14 AM;12.7423333333333;6.36056572379365;12.6897674418605;1707.89265533334;N;2314.81289733334;W;742.513724360182;3782931.47877807;1494620.74755832;414125.245538068;89.3913531303406;581740.412139167;279574.616939131;604806.787392916;0;135454.760331975;96675.4982800553;278366.095214364;87.7526651480638;475.762492482916;4371.60794422742;71.6657040037283;88.6390557051149;169.737455160962;16.3307719906644;65.5628790101609
7/7/2019 3:52:14 AM;12.5986666666666;6.30984974958263;12.5591304347826;1708.88087533333;N;2314.40858933334;W;742.596511712726;3782993.4495248;1494620.74755832;414130.251271401;92.1329391002655;581747.991251195;279574.616939131;604811.793126249;0;135454.760331975;96675.4982800553;278366.095214364;87.2980733944954;476.645596330276;4356.98730653644;71.4260214186303;88.1798721156519;170.497129146292;16.75276233929;66.4596575315917
7/7/2019 3:57:14 AM;12.554;6.27699999999999;12.4342;1709.86338866667;N;2314.00989433334;W;740.142152129596;3783055.2105552;1494620.74755832;414135.255704735;87.0905292034149;581755.504577791;279574.616939131;604816.797576249;0;135454.760331975;96675.4982800553;278366.095214364;87.4204109589041;476.254976255708;4359.53221690402;71.4677412607215;88.3034454130344;169.716307457586;18.2143957201929;66.531104997605
7/7/2019 4:02:14 AM;12.6033333333333;6.30166666666663;12.4599666666667;1710.85308833333;N;2313.627509;W;739.683423637524;3783116.92626331;1494620.74755832;414140.257871402;88.6765873432159;581762.752538176;279574.616939131;604821.79972625;0;135454.760331975;96675.4982800553;278366.095214364;87.4688787185354;476.412311899313;4363.40331435162;71.5312018746167;88.3524027459955;169.510807827301;17.98442664494;66.4839522813347
7/7/2019 4:07:14 AM;12.6863333333333;6.34316666666664;12.5405666666667;1711.84875700001;N;2313.24463166667;W;739.930955621338;3783178.53627744;1494620.74755832;414145.264354736;87.0578742027283;581770.10622421;279574.616939131;604826.806209584;0;135454.760331975;96675.4982800553;278366.095214364;87.5526027397261;475.607190410959;4360.19246791475;71.4785650477827;88.4369724643697;169.7151937142;17.3117354989022;65.9429710065258
7/7/2019 4:12:14 AM;12.7233333333333;6.36166666666665;12.6289333333333;1712.85104366667;N;2312.865376;W;745.232143419178;3783240.62200763;1494620.74755832;414150.278221402;88.7144601345062;581777.524531331;279574.616939131;604831.820076251;0;135454.760331975;96675.4982800553;278366.095214364;87.7302505694761;475.609889066059;4369.05744742192;71.6238925806873;88.6164147166427;170.548499264782;16.7896498129303;66.0316504785453
7/7/2019 4:17:14 AM;12.7943333333334;6.39716666666668;12.4883;1713.85645366667;N;2312.482922;W;738.177364825357;3783302.54184478;1494620.74755832;414155.280321403;90.1944673061371;581785.04903368;279574.616939131;604836.822176251;0;135454.760331975;96675.4982800553;278366.095214364;87.4787671232877;475.286137899543;4353.56274242928;71.3698810234309;88.3623910336239;169.6284163473;17.5804739414723;66.3331962754016
7/7/2019 4:22:14 AM;12.7813333333334;6.3906666666667;12.3843333333333;1714.86336666667;N;2312.097128;W;738.895173325738;3783364.08995657;1494620.74755832;414160.28778807;89.6307849884033;581792.534257962;279574.616939131;604841.829659584;0;135454.760331975;96675.4982800553;278366.095214364;87.2581651376146;476.126529587156;4350.26773394702;71.3158644909347;88.1395607450652;169.840439073053;18.4412957751946;66.8963003859247
7/7/2019 4:27:14 AM;12.8613333333334;6.43066666666669;12.6208333333333;1715.87540266667;N;2311.711677;W;742.93796835554;3783425.90889258;1494620.74755832;414165.29068807;91.8896698951721;581799.955150056;279574.616939131;604846.832542918;0;135454.760331975;96675.4982800553;278366.095214364;87.6394988610478;474.832187015945;4357.4031364147;71.4328383018803;88.5247463242909;170.449098841919;16.6519507153108;66.14900049883
7/7/2019 4:32:14 AM;12.9073333333334;6.45366666666669;12.5715666666667;1716.89043;N;2311.32232966667;W;742.098977810712;3783487.85935002;1494620.74755832;414170.294838071;96.2196278572083;581807.872614922;279574.616939131;604851.836692918;0;135454.760331975;96675.4982800553;278366.095214364;87.6243835616438;474.983418949772;4358.05305810218;71.4434927557735;88.5094783450948;170.319326587569;17.1128065865906;66.6821925550071
7/7/2019 4:37:14 AM;12.8693333333334;6.43466666666669;12.5054;1717.90387;N;2310.92740766667;W;741.133159751981;3783549.59633316;1494620.74755832;414175.297071404;101.096581220627;581816.015977602;279574.616939131;604856.838942919;0;135454.760331975;96675.4982800553;278366.095214364;87.4953424657534;474.877893378995;4350.66508688517;71.3223784735274;88.3791338037914;170.269730433665;17.6719080978268;67.3509274838598
7/7/2019 4:42:14 AM;12.9236666666667;6.46183333333335;12.5716333333333;1718.91943;N;2310.53970033333;W;738.882614479543;3783611.35431199;1494620.74755832;414180.298938072;99.1297173500061;581824.401701912;279574.616939131;604861.840792919;0;135454.760331975;96675.4982800553;278366.095214364;87.5745205479451;475.306451141552;4358.52966817527;71.4513060356602;88.4591116645912;169.470752443367;16.9309434482148;66.660718909145
7/7/2019 4:47:14 AM;12.8256666666667;6.41283333333335;12.5277666666667;1719.928887;N;2310.13523866667;W;741.985405300567;3783673.16783754;1494620.74755832;414185.302138072;98.2640790939331;581832.711798101;279574.616939131;604866.84399292;0;135454.760331975;96675.4982800553;278366.095214364;87.3856750572082;474.536629061785;4342.06061937781;71.1813216291444;88.2683586436447;171.015757934407;17.0815400084435;67.0729034754762
7/7/2019 4:52:14 AM;12.8036666666667;6.40183333333336;12.4601;1720.92653766666;N;2309.72604533333;W;742.551978502068;3783735.05719396;1494620.74755832;414190.313738072;93.8423717021942;581840.707804439;279574.616939131;604871.85559292;0;135454.760331975;96675.4982800553;278366.095214364;87.44471395881;474.589340045767;4345.4953731107;71.2376290673885;88.3279938977879;170.815772353165;17.8772426204197;67.1151892888798
7/7/2019 4:57:14 AM;12.7666666666666;6.38333333333332;12.5661666666667;1721.92535966667;N;2309.32292666666;W;739.612331715169;3783796.51736493;1494620.74755832;414195.237738072;95.3011993634499;581848.616348867;279574.616939131;604876.77959292;0;135454.760331975;96675.4982800553;278366.095214364;87.4845205479452;475.386154794521;4354.77342577377;71.3897282913732;88.368202573682;169.859759821198;16.8820004074281;66.4427638984266
7/7/2019 5:02:14 AM;12.6446666666666;6.3223333333333;12.3586;1722.918535;N;2308.923831;W;737.236038878418;3783857.47366512;1494620.74755832;414200.240788072;93.6419141292572;581856.325174172;279574.616939131;604881.78264292;0;135454.760331975;96675.4982800553;278366.095214364;87.2060091743119;475.565093577982;4342.52570006433;71.188945902694;88.0868779538505;169.697482882245;18.3779034431346;67.2305076210631
7/7/2019 5:07:14 AM;12.6593333333333;6.32966666666664;12.4458333333333;1723.90758333334;N;2308.52705833333;W;742.950123181832;3783919.34258539;1494620.74755832;414205.253704739;90.6286311149597;581864.045923562;279574.616939131;604886.795559587;0;135454.760331975;96675.4982800553;278366.095214364;87.1512385321101;476.095660550459;4344.66156078246;71.2239600128273;88.0315540728384;171.072544589385;17.6793391977278;66.9727568241726
7/7/2019 5:12:14 AM;12.6343333333333;6.31716666666664;12.3802;1724.89739711432;N;2308.13455837958;W;741.192944107681;3783981.33116394;1494620.74755832;414210.265988072;90.1056504249573;581871.58206518;279574.616939131;604891.807859587;0;135454.760331975;96675.4982800553;278366.095214364;87.1758715596331;475.259343119266;4338.26612790509;71.119116850903;88.0564359188213;170.84454515648;18.2386120594072;67.151067497244
7/7/2019 5:17:14 AM;12.634;6.31699999999998;12.3469333333333;1725.887204;N;2307.74032522223;W;742.599656489462;3784043.3191252;1494620.74755832;414215.277754738;91.4997661113739;581879.119023257;279574.616939131;604896.819626254;0;135454.760331975;96675.4982800553;278366.095214364;87.2630663615561;475.838702517162;4347.89490600916;71.2769656722814;88.1445114763193;170.792494225971;18.8099787037687;67.5576991927962
7/7/2019 5:22:14 AM;12.6303333333333;6.31516666666665;12.2981333333333;1726.88237933333;N;2307.36611233334;W;740.168943877074;3784105.13686659;1494620.74755832;414220.280354739;93.441309928894;581886.84673083;279574.616939131;604901.822209588;0;135454.760331975;96675.4982800553;278366.095214364;87.0944827586207;476.24174;4343.11775011986;71.1986516413092;87.9742250087078;170.322938134735;19.0583576190652;67.7863388782323
7/7/2019 5:27:14 AM;12.6136666666666;6.3068333333333;12.3993666666667;1727.88078511112;N;2307.00575877778;W;739.176292415507;3784166.73320029;1494620.74755832;414225.283771406;95.4600977897644;581894.69327284;279574.616939131;604906.825626255;0;135454.760331975;96675.4982800553;278366.095214364;87.0672935779817;475.286926376147;4333.12388990974;71.0348178673727;87.9467611898806;170.47051867717;17.9579899873365;67.3156557477159
7/7/2019 5:32:14 AM;12.5923333333333;6.29616666666665;12.4534333333334;1728.875687;N;2306.63311211111;W;740.856649112054;3784228.52493296;1494620.74755832;414230.285421406;91.5574622154236;581902.517048153;279574.616939131;604911.827276255;0;135454.760331975;96675.4982800553;278366.095214364;87.3637070938214;475.097039130435;4346.09376662528;71.2474387971357;88.2461687816379;170.455666696633;17.8404598105518;66.8441975669645
7/7/2019 5:37:14 AM;12.5236666666667;6.26183333333333;12.4291333333333;1729.86545;N;2306.258765;W;737.063886181797;3784290.131314;1494620.74755832;414235.291821407;90.4918527603149;581910.143514054;279574.616939131;604916.833676256;0;135454.760331975;96675.4982800553;278366.095214364;86.9751724137931;475.916046666667;4334.22862903616;71.0529283448552;87.853709508882;170.123799919221;17.4457295562664;66.5851238804631
7/7/2019 5:42:14 AM;12.456;6.22800000000001;12.3659666666666;1730.84220344444;N;2305.87247099999;W;738.245060045372;3784351.5920828;1494620.74755832;414240.293521407;93.295361995697;581917.830586814;279574.616939131;604921.835376256;0;135454.760331975;96675.4982800553;278366.095214364;87.1944495412844;475.548491743119;4341.82731763895;71.1774970104746;88.075201556853;170.067519556258;18.4410206802693;67.2465810903204
7/7/2019 5:47:14 AM;12.5243333333333;6.26216666666666;12.3968666666667;1731.82311488889;N;2305.49072811111;W;739.202226211597;3784413.24903604;1494620.74755832;414245.297371407;88.7088525295258;581925.429408166;279574.616939131;604926.839226257;0;135454.760331975;96675.4982800553;278366.095214364;87.0873853211009;476.098859862386;4341.50306167108;71.1721813388702;87.9670558799001;170.294028568171;18.065791247162;66.7898690868293
7/7/2019 5:52:14 AM;12.5133333333333;6.25666666666667;12.4473333333333;1732.80200322222;N;2305.09555566667;W;738.253299799812;3784474.84715515;1494620.74755832;414250.299204741;92.2143602371216;581932.920490553;279574.616939131;604931.841059591;0;135454.760331975;96675.4982800553;278366.095214364;87.2840366972479;475.056835321101;4341.75294813548;71.1762778382865;88.1656936335836;170.049772232787;17.804686689916;66.7276946055083
7/7/2019 5:57:14 AM;12.4573333333334;6.22866666666668;12.3782333333334;1733.776171;N;2304.70112377777;W;738.0861012443;3784536.41608457;1494620.74755832;414255.308854741;89.7915494441986;581940.584401991;279574.616939131;604936.850709591;0;135454.760331975;96675.4982800553;278366.095214364;87.1725688073394;475.442741513762;4339.76500883076;71.1436886693567;88.0530998053934;169.980764557605;18.345390462219;66.8786091248154
7/7/2019 6:02:14 AM;12.3953333333334;6.19766666666669;12.3126666666667;1734.74613022222;N;2304.30496322222;W;738.21572813857;3784598.02654835;1494620.74755832;414260.310571408;95.0398278236389;581948.178667476;279574.616939131;604941.852426258;0;135454.760331975;96675.4982800553;278366.095214364;86.9132413793103;475.68716;4329.07877498044;70.9685045078762;87.7911529083943;170.475883371169;18.6662746850536;67.673985786111
7/7/2019 6:07:14 AM;12.4726666666667;6.23633333333334;12.454;1735.71464888889;N;2303.905537;W;737.364602290351;3784658.97418222;1494620.74755832;414265.235838075;96.6572733248695;581956.206623794;279574.616939131;604946.777692925;0;135454.760331975;96675.4982800553;278366.095214364;87.5268493150684;475.796981506849;4360.65555871482;71.4861567002429;88.4109589041095;169.037705151102;18.1849864424204;66.9715263846239
7/7/2019 6:12:14 AM;12.435;6.21750000000002;12.4561;1736.68680433333;N;2303.51152888889;W;738.382250805002;3784720.06626867;1494620.74755832;414270.240154742;95.2337694168091;581964.121409845;279574.616939131;604951.782009592;0;135454.760331975;96675.4982800553;278366.095214364;87.3859496567505;475.143970022884;4347.64041898134;71.2727937537926;88.2686360169198;169.6814705993;17.9751129390817;66.916914176414
7/7/2019 6:17:14 AM;12.4193333333334;6.20966666666669;12.4042333333333;1737.66229977778;N;2303.13276788888;W;738.383829021054;3784781.66592108;1494620.74755832;414275.246704742;97.3004043102264;581972.146441141;279574.616939131;604956.788576259;0;135454.760331975;96675.4982800553;278366.095214364;87.023724137931;474.33438;4322.25845149094;70.856695926081;87.9027516544758;170.827738235947;17.8348121270817;67.3820851601081
7/7/2019 6:22:14 AM;12.4513333333334;6.22566666666668;12.5442666666667;1738.64253055556;N;2302.76432722223;W;742.483564402977;3784843.60377267;1494620.74755832;414280.257838075;97.6067733764648;581980.229792194;279574.616939131;604961.799692925;0;135454.760331975;96675.4982800553;278366.095214364;87.5264383561644;475.702731506849;4359.77251224793;71.4716805286546;88.4105437941055;170.477382979896;17.1296403875159;66.9795611736062
7/7/2019 6:27:14 AM;12.398;6.19900000000002;12.5958;1739.62213877778;N;2302.39660777778;W;738.30217014796;3784905.31366799;1494620.74755832;414285.259621409;95.2045369148254;581988.285260924;279574.616939131;604966.801476259;0;135454.760331975;96675.4982800553;278366.095214364;87.385537757437;476.446561098398;4359.55459196042;71.4681080649249;88.2682199570072;169.345209873853;16.4827451000085;66.1705716104762
7/7/2019 6:32:14 AM;12.3916666666667;6.19583333333336;12.6670666666666;1740.59684211111;N;2302.01918688889;W;743.708368293825;3784967.11985486;1494620.74755832;414290.263988076;97.2571778297424;581996.395790411;279574.616939131;604971.805842926;0;135454.760331975;96675.4982800553;278366.095214364;87.7183599088839;475.568753986333;4368.11026711538;71.6083650346784;88.6044039483676;170.209176420666;16.3755614363176;66.3970023591018
7/7/2019 6:37:14 AM;12.1939999999999;6.09699999999997;12.4563;1741.56123855556;N;2301.65060222223;W;739.65548635098;3785028.93894784;1494620.74755832;414295.26582141;96.2823629379272;582004.420237458;279574.616939131;604976.80767626;0;135454.760331975;96675.4982800553;278366.095214364;87.2470022883294;475.554356521739;4344.50443707117;71.2213842142816;88.1282851397269;170.256131074292;17.6597255327083;67.103998865676
7/7/2019 6:42:14 AM;12.193;6.09649999999998;12.3080333333334;1742.51691288889;N;2301.27331311111;W;738.798226214541;3785090.5618164;1494620.74755832;414300.275938077;94.0531396865845;582012.399839392;279574.616939131;604981.817792926;0;135454.760331975;96675.4982800553;278366.095214364;87.0143448275862;476.423913333333;4340.81235785617;71.1608583255111;87.8932776036224;170.18556522017;18.7024995301387;67.6652671955628
7/7/2019 6:47:14 AM;12.265;6.13250000000002;12.4067666666667;1743.47631577778;N;2300.90303188889;W;739.588379861122;3785152.16512495;1494620.74755832;414305.277721411;94.5131957530975;582020.174943297;279574.616939131;604986.81957626;0;135454.760331975;96675.4982800553;278366.095214364;87.0724137931035;476.253353333333;4342.14212741575;71.1826578264877;87.951933124347;170.494010159114;17.6869926053335;67.2361718111659
7/7/2019 6:52:14 AM;12.2133333333333;6.10666666666664;12.4247;1744.43887411111;N;2300.52523511111;W;738.319780747301;3785213.97959031;1494620.74755832;414310.286938077;95.3673434257507;582028.12886827;279574.616939131;604991.828792926;0;135454.760331975;96675.4982800553;278366.095214364;87.0495412844036;476.285371100917;4341.31036329429;71.1690223490868;87.9288295802057;170.177610669932;17.6365515685393;67.0963036720785
7/7/2019 6:57:14 AM;12.1623333333333;6.08116666666664;12.3499666666667;1745.389695;N;2295.96870933334;W;734.22184651361;3785275.38785529;1494620.74755832;414315.288704744;92.2228503227234;582036.000424458;279574.616939131;604996.830559593;0;135454.760331975;96675.4982800553;278366.095214364;86.9863448275861;475.96536;4335.24061783132;71.0695183251037;87.8649947753396;169.268936931613;18.3461724038955;66.9250859993356
7/7/2019 7:02:14 AM;12.3066666666667;6.16360601001672;12.4227759197324;1746.34771122222;N;2259.77384666666;W;740.596873169344;3785336.87111189;1494620.74755832;414320.293571411;92.0436322689056;582043.654510514;279574.616939131;605001.835442927;0;135454.760331975;96675.4982800553;278366.095214364;87.1750458715596;476.77322293578;4352.04651598362;71.3450248521906;88.0556018904644;170.2357281494;17.917270628203;67.030696755933
7/7/2019 7:07:14 AM;12.3016666666667;6.15083333333334;12.6189;1747.314213;N;2259.39394511111;W;740.867273879314;3785398.71022653;1494620.74755832;414325.300071411;90.1446676254272;582051.250399035;279574.616939131;605006.84192626;0;135454.760331975;96675.4982800553;278366.095214364;87.5920547945205;476.202471689497;4367.59004971257;71.5998368805339;88.4768230247683;169.618337243359;16.4881205202527;65.8551979575973
7/7/2019 7:12:14 AM;12.2800664451827;6.15024958402663;12.5613333333333;1748.27782830189;N;2259.01850122086;W;743.021119431577;3785460.43758003;1494620.74755832;414330.302954745;93.4045851230621;582058.830746668;279574.616939131;605011.844809594;0;135454.760331975;96675.4982800553;278366.095214364;87.5105479452055;475.097551826484;4353.40191283137;71.3672444726453;88.394492873945;170.650007908813;17.1167336176573;66.5846380167561
7/7/2019 7:17:14 AM;12.2628762541806;6.12120200333888;12.559;1749.23798820912;N;2258.63780155729;W;740.401310068828;3785522.51989798;1494620.74755832;414335.308971412;92.3342978954315;582066.791895213;279574.616939131;605016.850826261;0;135454.760331975;96675.4982800553;278366.095214364;87.5147945205478;474.621739954338;4349.2854429112;71.2997613592001;88.3987823439879;170.367539431408;17.0826612753742;66.305040177162
7/7/2019 7:22:14 AM;12.1551495016611;6.08768718801995;12.5233333333333;1750.19368235294;N;2258.26264317426;W;742.221342011312;3785584.21543123;1494620.74755832;414340.312704746;92.2134804725647;582074.256087532;279574.616939131;605021.854559594;0;135454.760331975;96675.4982800553;278366.095214364;87.4845308924484;475.429696338672;4355.11767123231;71.3953716595461;88.3682130226754;170.393315110339;17.380743937626;66.636776931118
7/7/2019 7:27:14 AM;12.1506666666666;6.07533333333331;12.4470333333333;1751.14927266667;N;2257.90021433334;W;738.500063365886;3785645.40378196;1494620.74755832;414345.241671412;92.9587707681171;582081.966399136;279574.616939131;605026.783526261;0;135454.760331975;96675.4982800553;278366.095214364;86.987724137931;476.130200000001;4336.80769916738;71.0952081830718;87.8663880181122;170.297986051288;17.4861410953726;66.8085117082533
7/7/2019 7:32:14 AM;12.1673333333333;6.08366666666664;12.4986333333333;1752.09722155556;N;2257.514471;W;742.850141748038;3785706.92031993;1494620.74755832;414350.254421412;92.6572179794312;582089.675833036;279574.616939131;605031.796292927;0;135454.760331975;96675.4982800553;278366.095214364;87.6226879271072;475.670775854214;4364.26307280013;71.5452962754121;88.5077655829365;170.161393446589;17.7971838829004;66.8509749021014
7/7/2019 7:37:14 AM;12.1889999999999;6.09449999999997;12.4301;1753.04969044445;N;2257.13216311111;W;739.735727732105;3785768.79867858;1494620.74755832;414355.259538079;99.9410891532898;582097.768245379;279574.616939131;605036.801392928;0;135454.760331975;96675.4982800553;278366.095214364;87.2376605504586;475.568725229358;4344.13325248102;71.2152992210003;88.1188490408675;170.17229646436;18.0182482191452;67.5541442472381
7/7/2019 7:42:14 AM;12.229;6.11449999999998;12.4441666666667;1754.00641588889;N;2256.75636955556;W;738.602691104947;3785830.49019657;1494620.74755832;414360.261321413;100.501141548157;582106.067721257;279574.616939131;605041.803176262;0;135454.760331975;96675.4982800553;278366.095214364;87.1667889908257;476.542526605505;4349.51413435053;71.3035103991891;88.0472616068945;169.974890340631;17.4942239882295;67.4322716543209
7/7/2019 7:47:14 AM;12.1893333333333;6.09466666666665;12.4152666666667;1754.96385988889;N;2256.38985722223;W;738.880173537902;3785892.10477338;1494620.74755832;414365.270504747;97.8089511394501;582114.362783807;279574.616939131;605046.812359595;0;135454.760331975;96675.4982800553;278366.095214364;87.0692201834863;476.336387155964;4342.77143065459;71.1929742730261;87.9487072560466;170.124499752075;17.827794363263;67.3972901534163
7/7/2019 7:52:14 AM;12.1743333333333;6.08716666666666;12.2379333333334;1755.91492877778;N;2256.00460677778;W;739.438700535521;3785953.74381373;1494620.74755832;414370.272354747;93.2154071331024;582122.296393223;279574.616939131;605051.814209596;0;135454.760331975;96675.4982800553;278366.095214364;86.8994930875575;476.997078341014;4340.296824349;71.152406956541;87.7772657450077;170.426711031314;19.2472820501796;68.0384830756322
7/7/2019 7:57:14 AM;12.3086666666667;6.1646076794658;12.2645484949833;1756.87362011111;N;2255.62601088889;W;736.662253418009;3786015.22710163;1494620.74755832;414375.281554747;96.7761933803558;582130.300771144;279574.616939131;605056.823409596;0;135454.760331975;96675.4982800553;278366.095214364;86.8133793103449;477.047826666667;4336.48456106377;71.089910837111;87.6902821316615;169.887015770496;18.9197187548834;67.9608646409296
7/7/2019 8:02:14 AM;12.2873333333333;6.14366666666667;12.4967333333333;1757.841194;N;2255.24850544445;W;738.135611854348;3786076.78613636;1494620.74755832;414380.29408808;94.8969411849976;582138.281232633;279574.616939131;605061.835942929;0;135454.760331975;96675.4982800553;278366.095214364;87.1713302752294;476.50915;4349.4325624184;71.3021731544;88.0518487628579;169.667685667268;17.1403393232511;66.6592417260577
7/7/2019 8:07:14 AM;12.217;6.10849999999999;12.4328;1758.80250411112;N;2254.87481866667;W;736.175293552604;3786138.34117688;1494620.74755832;414385.296104748;95.0873780250549;582146.233523256;279574.616939131;605066.837959596;0;135454.760331975;96675.4982800553;278366.095214364;87.2364220183486;476.806426605505;4355.40179492047;71.4000294249257;88.1175979983321;169.009986360865;17.912424452916;66.865218236328
7/7/2019 8:12:14 AM;12.183;6.09149999999998;12.3724666666667;1769.85156744444;N;2254.50598011111;W;738.238169662094;3786199.93009818;1494620.74755832;414390.305404748;91.0582029819489;582153.886183592;279574.616939131;605071.847259596;0;135454.760331975;96675.4982800553;278366.095214364;86.7767281105992;477.472237327189;4338.53445052362;71.1235155823543;87.6532607177768;170.282953782415;17.6954612036359;67.0343352858175
7/7/2019 8:17:14 AM;12.1796666666666;6.08983333333331;12.3008666666667;1800.70995322222;N;2254.11121311111;W;736.772841875718;3786261.3765611;1494620.74755832;414395.311754748;89.8427331447601;582161.495298927;279574.616939131;605076.853626263;0;135454.760331975;96675.4982800553;278366.095214364;86.9955862068966;477.54486;4350.10516171696;71.3131993724092;87.8743295019157;169.308341507552;18.791571078164;67.1925991353817
7/7/2019 8:22:14 AM;12.1403333333333;6.07016666666665;12.4227666666667;1801.65482655556;N;2253.71226644444;W;738.947899186698;3786322.96300142;1494620.74755832;414400.314004748;92.7793264389038;582169.168197754;279574.616939131;605081.855859597;0;135454.760331975;96675.4982800553;278366.095214364;87.2713043478261;477.292007322655;4361.56570322367;71.5010771020274;88.1528326745719;169.432130800417;18.0070828193493;66.9474701672269
7/7/2019 8:27:14 AM;12.0576666666666;6.02883333333332;12.4000333333333;1802.59687266667;N;2253.32802744445;W;737.094537687731;3786384.46003434;1494620.74755832;414405.316838082;90.0069737434387;582176.798562933;279574.616939131;605086.858692931;0;135454.760331975;96675.4982800553;278366.095214364;87.2521100917432;477.588269266055;4363.35095865659;71.5303435845344;88.1334445371143;168.962156701249;18.0869743637631;66.700450913822
7/7/2019 8:32:14 AM;12.0266666666667;6.01333333333333;12.5026666666667;1803.54858522222;N;2252.97125811111;W;739.061925839823;3786445.49907857;1494620.74755832;414410.236288082;89.9457426394446;582184.179831728;279574.616939131;605091.778142931;0;135454.760331975;96675.4982800553;278366.095214364;87.3501144164759;477.512599771167;4367.53374993572;71.5989139333724;88.2324388045213;169.261642548759;17.3401332304694;66.3082922016878
7/7/2019 8:37:14 AM;11.9576666666667;5.97883333333335;12.5184333333333;1804.49554133334;N;2252.61536788889;W;742.852365661453;3786506.7944555;1494620.74755832;414415.239104748;97.0378625392914;582191.858605954;279574.616939131;605096.780976265;0;135454.760331975;96675.4982800553;278366.095214364;87.3447597254005;476.968322196797;4362.29512889075;71.5130348998484;88.2270300256571;170.233872901709;17.0745500146286;67.0822387538589
7/7/2019 8:42:14 AM;11.9353333333334;5.96766666666669;12.4396333333333;1805.43525044444;N;2252.25070966667;W;737.529443752048;3786568.54289866;1494620.74755832;414420.246954749;93.858414888382;582199.862414106;279574.616939131;605101.788826265;0;135454.760331975;96675.4982800553;278366.095214364;87.2953318077804;477.702911441648;4366.53691576098;71.5825723895241;88.1771028361418;168.803175534255;17.8478646276099;66.8380364672836
7/7/2019 8:47:14 AM;11.9013333333334;5.95066666666669;12.4075;1806.37410588889;N;2251.89756411111;W;736.835734747197;3786630.12454223;1494620.74755832;414425.259871416;93.1746232509613;582207.672617172;279574.616939131;605106.801726265;0;135454.760331975;96675.4982800553;278366.095214364;86.9274482758621;477.868733333334;4349.66413601515;71.3059694428712;87.8055033089516;169.326968331544;17.6444412296093;66.8931933270473
7/7/2019 8:52:14 AM;11.92;5.96000000000002;12.3932;1807.31140444445;N;2251.53579688889;W;738.605988039241;3786691.77082989;1494620.74755832;414430.271004749;95.5047011375427;582215.694749079;279574.616939131;605111.812859598;0;135454.760331975;96675.4982800553;278366.095214364;87.0518620689656;477.63612;4353.76155687684;71.3731402766696;87.9311738070359;169.759776820662;17.9498891377976;67.2978380165742
7/7/2019 8:57:14 AM;12.0203333333333;6.01016666666666;12.5047666666667;1808.24600288889;N;2251.155822;W;742.951537730576;3786753.57550939;1494620.74755832;414435.27435475;86.7292892932892;582223.072889671;279574.616939131;605116.816209598;0;135454.760331975;96675.4982800553;278366.095214364;87.4572602739727;476.976526712329;4368.00325980293;71.6066108164415;88.3406669434067;170.171182113151;17.5334687148632;66.3536708309474
7/7/2019 9:02:14 AM;12.0233333333333;6.02170283806343;12.6285953177258;1809.18286833333;N;2250.76607688889;W;741.328972067995;3786815.43752848;1494620.74755832;414440.28130475;102.983504533768;582230.988430188;279574.616939131;605121.823159598;0;135454.760331975;96675.4982800553;278366.095214364;87.7201369863013;476.499595890412;4376.76156562251;71.7501896003691;88.6061989760621;169.42225355045;16.7578649836209;66.8602297448786
7/7/2019 9:07:14 AM;11.9946666666667;5.99733333333334;12.551;1810.11892166667;N;2250.37608944444;W;742.863727038213;3786877.41909479;1494620.74755832;414445.28585475;97.9378581047058;582239.459211566;279574.616939131;605126.827709598;0;135454.760331975;96675.4982800553;278366.095214364;87.549589041096;476.786735616439;4370.83171667775;71.6529789619303;88.4339283243393;169.945338732916;17.1928636410967;66.9951169467867
7/7/2019 9:12:14 AM;11.8286666666667;5.91433333333336;12.4098666666666;1811.05209944445;N;2250.00673466667;W;737.210567525523;3786939.03540757;1494620.74755832;414450.288188084;97.6103353500366;582247.680503676;279574.616939131;605131.830042932;0;135454.760331975;96675.4982800553;278366.095214364;86.9561379310344;476.953186666667;4342.72075380737;71.1921435050388;87.8344827586206;169.780683866475;17.8529860862075;67.2731038502867
7/7/2019 9:17:14 AM;11.8623333333334;5.9311666666667;12.3867;1811.98465833334;N;2249.65367011112;W;739.916150628132;3787000.688871;1494620.74755832;414455.291621418;100.091203451157;582255.875100133;279574.616939131;605136.833476266;0;135454.760331975;96675.4982800553;278366.095214364;87.1244036697246;476.609366284404;4348.00686779439;71.2788011113834;88.0044481512371;170.25329827979;18.1237311224228;67.8210670769936
7/7/2019 9:22:14 AM;11.8683333333334;5.93416666666669;12.4520333333333;1812.92160266667;N;2249.30420888889;W;738.072795186457;3787062.2890966;1494620.74755832;414460.295838085;99.5604479312897;582264.118660841;279574.616939131;605141.837692933;0;135454.760331975;96675.4982800553;278366.095214364;87.1813761467889;476.45268646789;4349.43093212058;71.3021464282063;88.0619961078677;169.741074444449;17.6616173584835;67.2705001906341
7/7/2019 9:27:14 AM;11.82;5.91000000000002;12.4123;1813.85223722222;N;2248.94703588889;W;739.528855471802;3787123.88193957;1494620.74755832;414465.297771419;97.1002542972565;582272.386716799;279574.616939131;605146.839626267;0;135454.760331975;96675.4982800553;278366.095214364;87.1795871559633;476.731199541285;4351.8705899543;71.342140818923;88.0601890464276;169.970080649904;17.9438967757318;67.4013290511651
7/7/2019 9:32:14 AM;11.8296666666667;5.91483333333335;12.4613666666667;1814.77731733333;N;2248.579218;W;737.236610652454;3787185.47542634;1494620.74755832;414470.303621419;97.0869255065918;582280.462921658;279574.616939131;605151.845476267;0;135454.760331975;96675.4982800553;278366.095214364;87.2029290617847;475.664437070938;4343.30949883261;71.2017950628297;88.0837667290758;169.609321846325;17.6974440738846;66.952383350422
7/7/2019 9:37:14 AM;11.8266666666667;5.91333333333335;12.424;1815.70492977778;N;2248.21247766667;W;737.10485438067;3787246.93587101;1494620.74755832;414475.305504753;96.4026474952698;582288.513926186;279574.616939131;605156.847359601;0;135454.760331975;96675.4982800553;278366.095214364;87.2018807339449;476.582647706422;4351.64216246824;71.3383961060367;88.0827078120657;169.335209063257;18.0033243126286;67.1013523645885
7/7/2019 9:42:14 AM;11.8766666666667;5.93833333333335;12.2955;1816.62784922222;N;2247.83617133333;W;738.80256505155;3787308.46893478;1494620.74755832;414480.316204752;98.1783843040466;582296.721026537;279574.616939131;605161.858076268;0;135454.760331975;96675.4982800553;278366.095214364;86.9889655172413;476.482759999999;4340.06572914083;71.1486185105053;87.8676419366076;170.199373130046;18.8170914748038;68.0695882195606
7/7/2019 9:47:14 AM;11.882;5.94100000000002;12.2604;1817.558135;N;2247.47121711111;W;736.948754208496;3787369.6163617;1494620.74755832;414485.242354752;90.2391817610143;582304.482514676;279574.616939131;605166.784226269;0;135454.760331975;96675.4982800553;278366.095214364;86.9166896551724;476.823013333333;4339.58352995414;71.1407136058056;87.7946360153257;169.748250729641;19.1493095869402;67.4802507720928
7/7/2019 9:52:14 AM;11.9773333333333;5.98866666666667;12.4102;1818.49650855556;N;2247.11073655556;W;742.911503693281;3787430.89295971;1494620.74755832;414490.244104753;87.1038615703583;582311.822193378;279574.616939131;605171.785959603;0;135454.760331975;96675.4982800553;278366.095214364;87.2207339449542;476.909755733945;4355.57089988369;71.4028016374376;88.1017514595498;170.588271032835;18.1424046195842;66.8867490440375
7/7/2019 9:57:14 AM;12.0403333333333;6.02016666666665;12.4489333333333;1819.44403433334;N;2246.74960422222;W;740.163050367451;3787492.74676689;1494620.74755832;414495.25177142;87.8901493549347;582319.122137835;279574.616939131;605176.793626269;0;135454.760331975;96675.4982800553;278366.095214364;87.27295194508;476.522996338673;4354.6234479348;71.3872696382754;88.1544969142223;170.059126061713;17.7141679606471;66.5144928368469
7/7/2019 10:02:14 AM;12.0896666666666;6.05492487479129;12.3397993311037;1820.38984;N;2246.38229433333;W;738.802606223987;3787554.36346891;1494620.74755832;414500.259704753;88.4389293193817;582326.417575509;279574.616939131;605181.801559603;0;135454.760331975;96675.4982800553;278366.095214364;87.0791724137931;476.970000000001;4349.04678366785;71.2958489125877;87.9587600139327;169.917284040535;18.5223443769793;67.0474741705443
7/7/2019 10:07:14 AM;12.2453333333334;6.12266666666669;12.4323666666667;1821.34131033333;N;2246.00313733333;W;740.115398915138;3787616.06481273;1494620.74755832;414505.263938087;85.2111983299255;582333.758950495;279574.616939131;605186.805792936;0;135454.760331975;96675.4982800553;278366.095214364;87.1824770642202;476.976595412844;4354.25209923172;71.3811819546184;88.063108145677;169.881033603486;17.9024759020848;66.389181727956
7/7/2019 10:12:14 AM;12.2876666666667;6.14383333333335;12.4492333333333;1822.29979388889;N;2245.61642222223;W;742.700935975267;3787678.03081567;1494620.74755832;414510.27612142;85.4685258865356;582340.779335687;279574.616939131;605191.817992936;0;135454.760331975;96675.4982800553;278366.095214364;87.3171624713959;477.225406864988;4363.25770867773;71.5288148963562;88.199154011511;170.249163248658;17.7206459734611;66.5230018689011
7/7/2019 10:17:14 AM;12.2466666666666;6.12333333333332;12.3987;1823.25738444445;N;2245.23181944444;W;737.711231942665;3787739.79912482;1494620.74755832;414515.281638087;88.8682508468628;582347.989654501;279574.616939131;605196.823492937;0;135454.760331975;96675.4982800553;278366.095214364;87.1574311926605;476.512522247706;4348.76246655647;71.2911879763355;88.0378092855157;169.606585079108;18.1757601734701;66.6700575482877
7/7/2019 10:22:14 AM;12.2843333333334;6.14216666666668;12.3485;1824.21186955556;N;2244.84136288889;W;737.837491944372;3787801.36489799;1494620.74755832;414520.283488087;89.9863529205322;582355.553704304;279574.616939131;605201.825342937;0;135454.760331975;96675.4982800553;278366.095214364;87.0624770642202;476.542094266055;4344.3282357737;71.2184956684213;87.9418960244648;169.754457282885;18.4637259728212;67.0415013556521
7/7/2019 10:27:14 AM;12.2676666666667;6.13383333333333;12.4379666666667;1825.17205133333;N;2244.46061044444;W;738.702848090816;3787862.91095706;1494620.74755832;414525.292771421;91.135014295578;582363.138353575;279574.616939131;605206.83462627;0;135454.760331975;96675.4982800553;278366.095214364;87.2508715596331;476.899293119266;4356.98382864021;71.4259644039377;88.1321934945787;169.479173632586;17.960149019713;66.7187938304542
7/7/2019 10:32:14 AM;12.2563333333333;6.12816666666667;12.3325;1826.12710633333;N;2244.06806622222;W;740.125753376173;3787924.77017396;1494620.74755832;414530.304988087;94.6153843402863;582370.844707251;279574.616939131;605211.846842937;0;135454.760331975;96675.4982800553;278366.095214364;87.1589449541283;477.087447247706;4354.08762059845;71.3784855835812;88.0393383375034;169.867354832992;18.7909078738704;67.6816809502254
7/7/2019 10:37:14 AM;12.2543333333333;6.12716666666666;12.4153666666667;1827.08757133333;N;2243.694502;W;739.803516469378;3787986.47027648;1494620.74755832;414535.307338087;94.4963729381561;582378.804580741;279574.616939131;605216.849192937;0;135454.760331975;96675.4982800553;278366.095214364;87.2254128440367;476.386019724771;4351.02791068966;71.3283264047486;88.1064776202391;170.027543902939;17.9531112855643;67.2011270362463
7/7/2019 10:42:14 AM;12.259;6.12949999999999;12.4152333333333;1828.05558066667;N;2243.34202455556;W;738.180934314976;3788048.05438808;1494620.74755832;414540.313071421;93.6284279823303;582386.686702138;279574.616939131;605221.854926271;0;135454.760331975;96675.4982800553;278366.095214364;87.0999082568808;476.281739449542;4343.81753208104;71.2101234767384;87.9797053099806;170.010807088272;17.8183389293279;66.9976311850416
7/7/2019 10:47:14 AM;12.2616666666667;6.13083333333334;12.3118333333333;1829.01805111111;N;2242.97281355556;W;734.941614943965;3788109.50079283;1494620.74755832;414545.317521421;93.5092484951019;582394.376222386;279574.616939131;605226.859376272;0;135454.760331975;96675.4982800553;278366.095214364;86.8346543778802;476.310399769585;4330.85665534219;70.997650087577;87.7117720988688;169.651461947539;18.5274611368758;67.2917527296194
7/7/2019 10:52:14 AM;12.3846666666667;6.19233333333336;12.5343666666666;1829.98143344444;N;2242.58456888889;W;744.48206543307;3788170.73747692;1494620.74755832;414550.238088088;93.2217290845968;582402.173861863;279574.616939131;605231.779942939;0;135454.760331975;96675.4982800553;278366.095214364;87.6318451025057;475.737759908884;4365.32776202411;71.5627501971165;88.5170152550563;170.525412100626;17.3523529343884;66.8321295584511
7/7/2019 10:57:14 AM;12.4026666666667;6.20133333333336;12.5795666666667;1830.95264133334;N;2242.20322711111;W;743.339855151376;3788232.31555846;1494620.74755832;414555.249404755;91.0046303272247;582409.745631463;279574.616939131;605236.791276272;0;135454.760331975;96675.4982800553;278366.095214364;87.5613698630136;476.306878310502;4367.01802331443;71.5904593985971;88.4458281444582;170.275189077042;16.9512964390881;66.3237087801454
7/7/2019 11:02:14 AM;12.4683333333334;6.23416666666668;12.5534666666667;1831.926493;N;2241.82051522222;W;744.684403065008;3788294.42309577;1494620.74755832;414560.255938089;89.4815754890442;582417.22292895;279574.616939131;605241.797809605;0;135454.760331975;96675.4982800553;278366.095214364;87.4978489702517;476.602278489703;4366.54855972705;71.582763274214;88.3816656265169;170.650009288687;16.9817807409982;66.4485609686896
7/7/2019 11:07:14 AM;12.4396666666667;6.21983333333335;12.6428;1832.89648022222;N;2241.42346655556;W;747.233010262463;3788356.51149866;1494620.74755832;414565.259988089;94.7859191894531;582424.975553744;279574.616939131;605246.801859605;0;135454.760331975;96675.4982800553;278366.095214364;87.8061818181818;475.967383863636;4376.13097665139;71.7398520762523;88.6931129476585;170.749122333399;16.7316253492917;66.598247382258
7/7/2019 11:12:14 AM;12.438;6.21900000000002;12.6366333333333;1833.86099866667;N;2241.016149;W;745.607786046395;3788418.93913033;1494620.74755832;414570.265154756;89.2061412334442;582432.615686263;279574.616939131;605251.807009606;0;135454.760331975;96675.4982800553;278366.095214364;87.8517539863326;475.685374943052;4375.79218807643;71.7342981651874;88.7391454407401;170.297909206571;16.7799819902105;66.0652104362076
7/7/2019 11:17:14 AM;12.4683333333333;6.23416666666667;12.6158666666667;1834.83246855555;N;2240.62276766667;W;746.789539700511;3788481.05982064;1494620.74755832;414575.267221423;95.7887721061707;582440.306057774;279574.616939131;605256.809076273;0;135454.760331975;96675.4982800553;278366.095214364;87.8802272727274;475.998057954545;4380.11393097361;71.8051464094034;88.7679063360882;170.398580741022;16.970999098174;66.7792923813486
7/7/2019 11:22:14 AM;12.4413333333334;6.22066666666668;12.5799;1835.80817744445;N;2240.24481511111;W;743.591252438114;3788543.17375402;1494620.74755832;414580.269154757;95.1069581508636;582448.319668326;279574.616939131;605261.811009606;0;135454.760331975;96675.4982800553;278366.095214364;87.7247835990889;476.251046697039;4374.6650347927;71.7158202425032;88.6108925243322;169.992282521046;17.1364667866386;66.6707019831371
7/7/2019 11:27:14 AM;12.4833333333334;6.24166666666668;12.6562;1836.78530066666;N;2239.86677666667;W;741.790161136325;3788605.13034637;1494620.74755832;414585.280371423;99.1001665592194;582456.475237317;279574.616939131;605266.822226273;0;135454.760331975;96675.4982800553;278366.095214364;87.6298630136987;476.759364383561;4374.61562762339;71.7150102889081;88.51501314515;169.511161388091;16.3697482543173;66.4545830649112
7/7/2019 11:32:14 AM;12.4373333333334;6.21866666666669;12.6061666666667;1837.75824377778;N;2239.47877588888;W;750.194504525558;3788667.32116611;1494620.74755832;414590.285454757;99.62282538414;582464.729389487;279574.616939131;605271.827326274;0;135454.760331975;96675.4982800553;278366.095214364;87.8859545454546;478.458411363636;4403.03317744449;72.1808717613851;88.7736914600551;170.275264891156;17.1561320224123;67.4135655806666
7/7/2019 11:37:14 AM;12.4903333333333;6.24516666666666;12.5298666666667;1838.72977944445;N;2239.08349722222;W;753.656651786469;3788730.02183974;1494620.74755832;414595.289204757;95.2768528461456;582472.840640303;279574.616939131;605276.831059607;0;135454.760331975;96675.4982800553;278366.095214364;88.0371818181818;479.858452272728;4423.50092933723;72.5164086776595;88.9264462809917;170.328945591076;18.0222481102086;67.7534205495398
7/7/2019 11:42:14 AM;12.4193333333334;6.2096666666667;12.6021333333334;1839.70753155555;N;2238.69914866667;W;754.043856633612;3788793.06522939;1494620.74755832;414600.297354757;103.989486694336;582481.225195539;279574.616939131;605281.839209607;0;135454.760331975;96675.4982800553;278366.095214364;87.8866363636363;479.984233181818;4417.07908234118;72.4111324973963;88.7743801652894;170.771409673722;17.0130294653265;68.0856520295969
7/7/2019 11:47:14 AM;12.3093333333334;6.15466666666669;12.5246666666667;1840.67130933333;N;2238.30908955555;W;752.325809878646;3788855.85674254;1494620.74755832;414605.299838091;95.3277540206909;582489.563763829;279574.616939131;605286.841692941;0;135454.760331975;96675.4982800553;278366.095214364;87.8297494305239;480.784149658314;4421.63792626799;72.4858676437375;88.7169186166909;170.274070702215;17.7312935149971;67.6852959297992
7/7/2019 11:52:14 AM;12.3213333333334;6.16066666666669;12.5181;1841.63636288889;N;2237.92793211111;W;754.509310816412;3788918.74757445;1494620.74755832;414610.302438092;95.7852923870087;582497.438716871;279574.616939131;605291.844292942;0;135454.760331975;96675.4982800553;278366.095214364;87.7614123006834;479.433390432802;4405.73020951365;72.2250854018632;88.6478912128116;171.461214777429;17.6733185492211;67.9251947804032
7/7/2019 11:57:14 AM;12.4366666666667;6.21833333333334;12.5718;1842.60829334073;N;2237.55349722531;W;751.485332316428;3788981.47688732;1494620.74755832;414615.305138092;94.761403799057;582505.451543421;279574.616939131;605296.846992942;0;135454.760331975;96675.4982800553;278366.095214364;87.7748063781321;479.796907744875;4409.78398471615;72.2915407330516;88.6614205839719;170.485054525127;17.2351214405163;67.3063502211288
7/7/2019 12:02:14 PM;12.5436666666666;6.27183333333332;12.6059333333333;1843.58459822024;N;2237.16549143493;W;759.105456362856;3789044.53976476;1494620.74755832;414620.313004759;97.3593735694885;582513.296921288;279574.616939131;605301.854859608;0;135454.760331975;96675.4982800553;278366.095214364;88.0821768707482;479.14426031746;4419.19933415063;72.4458907237808;88.9718958290388;171.773498977574;17.3637307317902;67.9437085778342
7/7/2019 12:07:14 PM;12.6416666666666;6.32083333333331;12.6780666666667;1844.56458066667;N;2236.76238544445;W;754.346902249165;3789107.70102456;1494620.74755832;414625.314788093;93.9552927017212;582521.40285728;279574.616939131;605306.856642942;0;135454.760331975;96675.4982800553;278366.095214364;88.3228571428571;479.300275056689;4432.73481291202;72.6677838182298;89.2150072150071;170.107554448168;17.1393492019356;66.9120469152146
7/7/2019 12:12:14 PM;12.635;6.31749999999998;12.7610333333333;1845.55979577778;N;2236.37493944444;W;757.646980841965;3789170.19587633;1494620.74755832;414630.241654759;94.1648446907431;582529.120445092;279574.616939131;605311.783509609;0;135454.760331975;96675.4982800553;278366.095214364;88.111700680272;479.427053061225;4423.31236263775;72.5133174202911;89.0017178588608;171.230533390394;15.9557018578031;66.7496422612465
7/7/2019 12:17:14 PM;12.6189999999999;6.30949999999997;12.6642666666667;1846.55099166666;N;2235.99117044444;W;747.91360699934;3789232.61152085;1494620.74755832;414635.246954759;96.3906598091125;582537.109800756;279574.616939131;605316.788809609;0;135454.760331975;96675.4982800553;278366.095214364;88.1477551020407;477.327479365079;4405.77704005252;72.2258531156149;89.0381364667081;169.712831835608;16.9833271301421;66.6675998888565
7/7/2019 12:22:14 PM;12.6793333333333;6.33966666666664;12.6177;1847.54651544445;N;2235.61117477778;W;745.613455646794;3789294.69991974;1494620.74755832;414640.252171426;95.8398413658142;582545.005139355;279574.616939131;605321.794026276;0;135454.760331975;96675.4982800553;278366.095214364;87.5631506849316;475.89519086758;4363.38937364853;71.5309733385005;88.4476269544764;170.894520642394;16.5352164072946;66.6907333541189
7/7/2019 12:27:14 PM;12.6193333333333;6.30966666666663;12.6147333333333;1848.53140900001;N;2235.20923;W;743.535182496238;3789356.86548496;1494620.74755832;414645.257288093;94.8198401927948;582552.987920825;279574.616939131;605326.799142943;0;135454.760331975;96675.4982800553;278366.095214364;87.6779043280183;476.244262414579;4372.31832783871;71.6773496367001;88.5635397252709;170.089534764946;16.7902628929258;66.4678204500163
7/7/2019 12:32:14 PM;12.5503333333333;6.27516666666666;12.6489333333333;1849.52079478357;N;2234.82369211987;W;745.127679321165;3789418.89417603;1494620.74755832;414650.259038094;96.112003326416;582560.902726802;279574.616939131;605331.800892944;0;135454.760331975;96675.4982800553;278366.095214364;87.5734246575342;476.086875570776;4365.65622153622;71.5681347792823;88.4580047045801;170.592943303005;16.3753914785433;66.508083093236
7/7/2019 12:37:14 PM;12.5163333333333;6.25816666666666;12.6129333333333;1850.49706;N;2234.424056;W;745.024343248643;3789481.09183553;1494620.74755832;414655.264938094;96.3817763328552;582568.985438843;279574.616939131;605336.806792944;0;135454.760331975;96675.4982800553;278366.095214364;87.7584054669703;476.171782232346;4375.66511043313;71.7322149251334;88.6448540070407;170.186367440659;16.9842932789925;66.7160364074058
7/7/2019 12:42:14 PM;12.5036666666667;6.26227045075125;12.5891973244147;1851.47417466667;N;2234.03361666667;W;742.014358046305;3789543.08485487;1494620.74755832;414660.267404762;95.4764020442963;582576.995958288;279574.616939131;605341.809259611;0;135454.760331975;96675.4982800553;278366.095214364;87.6686301369863;476.767455251142;4376.64258736767;71.748239137175;88.5541718555419;169.481710615173;17.0031976976368;66.5247784767625
7/7/2019 12:47:14 PM;12.4416666666667;6.22083333333335;12.5489;1852.44926933333;N;2233.64986566666;W;745.775339455273;3789605.21797684;1494620.74755832;414665.269188095;94.7271108627319;582584.949321292;279574.616939131;605346.811042945;0;135454.760331975;96675.4982800553;278366.095214364;87.5050684931507;475.844149543379;4360.02426814996;71.4758076745895;88.3889580738897;171.14061091069;17.146038583445;66.9809152755517
7/7/2019 12:52:14 PM;12.4416666666667;6.22083333333335;12.5288666666667;1853.423369;N;2233.26695566667;W;743.597867387575;3789667.21017746;1494620.74755832;414670.271071429;95.6893229484558;582592.876001482;279574.616939131;605351.812926279;0;135454.760331975;96675.4982800553;278366.095214364;87.5987671232877;477.256005936073;4377.6727408296;71.7651268988459;88.4836031548361;169.888618361874;17.3912747733609;66.9862856783804
7/7/2019 12:57:14 PM;12.5863333333333;6.29316666666663;12.5153;1854.40198533334;N;2232.88508166667;W;743.818849942658;3789729.19935255;1494620.74755832;414675.272854763;94.1901075839996;582600.809447595;279574.616939131;605356.814709613;0;135454.760331975;96675.4982800553;278366.095214364;87.5347945205479;476.841822374429;4370.63984466591;71.6498335191133;88.4189843641899;170.195857215244;17.5413237072742;66.9590660708567
7/7/2019 1:02:14 PM;12.5656666666667;6.28283333333333;12.6112666666667;1855.38868966667;N;2232.49581466667;W;744.899004998065;3789791.31165891;1494620.74755832;414680.274638097;93.1731855869293;582608.622827466;279574.616939131;605361.816492946;0;135454.760331975;96675.4982800553;278366.095214364;87.7782232346241;476.273804100228;4377.54835060591;71.763087714851;88.6648719541659;170.100887079779;16.9194048026071;66.4543991223424
7/7/2019 1:07:14 PM;12.4683333333334;6.23416666666668;12.6530666666667;1856.368805;N;2232.096459;W;730.78340511968;3789852.70500116;1494620.74755832;414685.19302143;94.0430545806885;582616.412628574;279574.616939131;605366.818242947;0;135454.760331975;96675.4982800553;278366.095214364;87.8648181818182;476.492185;4383.88842202166;71.8670233118304;88.7523415977961;166.626704912262;16.6682438321481;65.1829075111328
7/7/2019 1:12:14 PM;12.432;6.21600000000002;12.6752333333333;1857.34109766667;N;2231.68939933333;W;742.239378402521;3789914.16800877;1494620.74755832;414690.194721431;99.3291914463043;582624.567394592;279574.616939131;605371.81992628;0;135454.760331975;96675.4982800553;278366.095214364;87.8509339407746;476.288918451025;4381.3418704928;71.8252765654557;88.7383171118934;169.470636042449;16.3764105891262;66.4045032722452
7/7/2019 1:17:14 PM;12.4046666666667;6.20233333333336;12.7094666666667;1858.31613766667;N;2231.29269466667;W;746.494034813312;3789976.12265984;1494620.74755832;414695.196538098;101.89790725708;582632.819239908;279574.616939131;605376.821742947;0;135454.760331975;96675.4982800553;278366.095214364;87.9951818181818;476.638186818182;4391.73616130132;71.9956747754315;88.8840220385675;169.815558236551;16.5126389480239;66.7531855501977
7/7/2019 1:22:14 PM;12.5023333333333;6.25116666666665;12.6812666666667;1859.295915;N;2230.911915;W;745.222712623595;3790038.42518935;1494620.74755832;414700.198321432;101.211000680923;582641.369098778;279574.616939131;605381.823526281;0;135454.760331975;96675.4982800553;278366.095214364;87.8161363636364;476.487472500001;4381.42721681764;71.8266756855351;88.7031680440771;170.079578233219;16.379769349279;66.7533676551956
7/7/2019 1:27:14 PM;12.5013333333334;6.25066666666668;12.7829;1892.55056366666;N;2230.528138;W;748.974323290666;3790100.71036515;1494620.74755832;414705.200004765;95.5024230480194;582649.483621608;279574.616939131;605386.825209615;0;135454.760331975;96675.4982800553;278366.095214364;88.0122272727273;475.685405;4383.81502360003;71.865820059017;88.9012396694216;170.895950207057;15.7278662684134;66.0600724034225
7/7/2019 1:32:14 PM;12.5306666666666;6.26533333333332;12.7053333333333;1901.26388766666;N;2230.13309266667;W;748.623291894888;3790163.14162737;1494620.74755832;414710.201888099;92.9258823394775;582657.388636744;279574.616939131;605391.827092948;0;135454.760331975;96675.4982800553;278366.095214364;88.0123636363635;475.734586363636;4384.29717267412;71.8737241421986;88.9013774104684;170.62135874474;16.3853446183491;66.2338146898286
7/7/2019 1:37:14 PM;12.5783333333333;6.28916666666665;12.7071666666667;1902.25057866667;N;2229.73682933333;W;743.585064388468;3790225.31690864;1494620.74755832;414715.203671433;98.2283055782318;582665.215200873;279574.616939131;605396.828876282;0;135454.760331975;96675.4982800553;278366.095214364;88.018775510204;475.896589115647;4386.12013718832;71.903608806366;88.9078540507113;169.479907419851;16.2729914859102;66.2526195381987
7/7/2019 1:42:14 PM;12.4636666666667;6.23183333333335;12.6163666666667;1903.23325066667;N;2229.33490166667;W;738.907203825184;3790287.05532199;1494620.74755832;414720.205371433;97.7470171451569;582673.603997069;279574.616939131;605401.830576283;0;135454.760331975;96675.4982800553;278366.095214364;87.7652391799544;476.404423006833;4378.11209126767;71.7723293650436;88.6517567474289;168.793750312367;16.8845247359214;66.3141453714027
7/7/2019 1:47:14 PM;12.6093333333333;6.30466666666663;12.5763333333333;1904.21458566667;N;2228.93828333333;W;740.487417380902;3790348.79321094;1494620.74755832;414725.207138101;95.9438645839691;582681.522018134;279574.616939131;605406.83234295;0;135454.760331975;96675.4982800553;278366.095214364;87.7261643835616;475.980317123288;4372.29204691768;71.676918801929;88.612287256123;169.42827390995;17.1210191576217;66.5100888526213
7/7/2019 1:52:14 PM;12.7143333333333;6.35716666666665;12.6015333333333;1905.20518499999;N;2228.53656233333;W;740.207760957687;3790410.55245326;1494620.74755832;414730.208938101;93.5281920433044;582689.422982813;279574.616939131;605411.834159616;0;135454.760331975;96675.4982800553;278366.095214364;87.713166287016;476.379948063781;4375.31676187161;71.7265042929773;88.5991578656727;169.109009061994;17.0791743496378;66.164280672775
7/7/2019 1:57:14 PM;12.6896666666666;6.3448333333333;12.6313;1906.20145433333;N;2228.13786;W;739.544569306384;3790472.11512478;1494620.74755832;414735.210738102;95.1665031909943;582697.459845573;279574.616939131;605416.83594295;0;135454.760331975;96675.4982800553;278366.095214364;87.7049658314349;476.416875170843;4375.23901806465;71.7252298043385;88.5908745772071;169.12246145394;16.521773201971;66.0807897841671
7/7/2019 2:02:14 PM;12.6549999999999;6.32749999999997;12.7139333333333;1907.19561233333;N;2227.74038633333;W;741.937417729557;3790533.96540541;1494620.74755832;414740.212538102;92.9934060573578;582705.247660617;279574.616939131;605421.837742951;0;135454.760331975;96675.4982800553;278366.095214364;87.7368109339408;476.582703644647;4378.33088300374;71.7759161148154;88.6230413474149;169.524433073241;15.9082486571843;65.6676806446432
7/7/2019 2:07:14 PM;12.6916666666666;6.34583333333332;12.6121333333333;1908.18628833334;N;2227.33603333334;W;744.028052167856;3790595.85659309;1494620.74755832;414745.214388103;93.5371077060699;582712.886328632;279574.616939131;605426.839592951;0;135454.760331975;96675.4982800553;278366.095214364;87.7780865603644;476.40648405467;4378.81032715621;71.7837758550198;88.6647338993582;169.997372315843;16.9312809429042;66.4132453236529
7/7/2019 2:12:14 PM;12.8643333333334;6.44290484140235;12.6181939799331;1909.18509166667;N;2226.92801833334;W;746.422622248011;3790657.98684387;1494620.74755832;414750.216354769;95.2624797821045;582720.713555574;279574.616939131;605431.841559618;0;135454.760331975;96675.4982800553;278366.095214364;87.7853302961275;476.836040774488;4383.10837005182;71.85423557462;88.6720508041692;170.244479144085;16.9174177655007;66.709918588008
7/7/2019 2:17:14 PM;12.9576666666667;6.47883333333335;12.7676;1910.20197966667;N;2226.528241;W;740.760903321188;3790719.9066808;1494620.74755832;414755.21815477;103.252605199814;582729.123001126;279574.616939131;605436.843376285;0;135454.760331975;96675.4982800553;278366.095214364;87.7888838268792;476.087107517084;4376.40152842443;71.7442873512201;88.675640229171;169.361158080227;15.515245809314;66.0996936041829
7/7/2019 2:22:14 PM;12.937;6.46850000000002;12.7923;1911.21717;N;2226.11993166667;W;744.157848756938;3790781.85865332;1494620.74755832;414760.220071437;100.135252475739;582737.621478905;279574.616939131;605441.845276286;0;135454.760331975;96675.4982800553;278366.095214364;88.1024489795918;475.212432426304;4383.96037126476;71.868202807619;88.9923727066583;169.78897075183;15.6104390983038;66.0037481798054
7/7/2019 2:27:14 PM;12.8303333333334;6.4151666666667;12.7964;1912.22726566667;N;2225.71780566667;W;745.357445437049;3790843.99251037;1494620.74755832;414765.221771438;94.6276438236237;582745.680613235;279574.616939131;605446.846976286;0;135454.760331975;96675.4982800553;278366.095214364;87.998590909091;475.6995425;4383.27876762268;71.8570289774208;88.8874655647383;169.946991083513;15.5801380615063;65.6510601358792
7/7/2019 2:32:14 PM;12.749;6.37449999999999;12.6476666666667;1913.22563566666;N;2225.307567;W;740.750347188112;3790905.83601528;1494620.74755832;414770.223554772;98.6220073699951;582753.738664924;279574.616939131;605451.84875962;0;135454.760331975;96675.4982800553;278366.095214364;87.6209589041095;476.190593607306;4368.98994014979;71.622785904095;88.5060190950603;169.533433455591;16.4682595228416;66.3646972821764
7/7/2019 2:37:14 PM;12.739;6.3695;12.5759333333333;1914.22034733334;N;2224.89874566667;W;741.724398415892;3790967.62899798;1494620.74755832;414775.225371439;93.0588340759277;582761.666951225;279574.616939131;605456.850576287;0;135454.760331975;96675.4982800553;278366.095214364;87.749111617312;476.489698861048;4378.15449094752;71.7730244417628;88.6354662801132;169.399013927079;17.265514958558;66.3845036711907
7/7/2019 2:42:14 PM;12.8323333333334;6.41616666666669;12.6299333333333;1915.22634733334;N;2224.50899;W;741.054287338097;3791029.37671104;1494620.74755832;414780.227121439;95.8362114429474;582769.52508826;279574.616939131;605461.852326287;0;135454.760331975;96675.4982800553;278366.095214364;87.7160364464692;476.424346469248;4375.86366945311;71.7354699910346;88.6020570166356;169.413535042173;16.7034059262434;66.2634884026456
7/7/2019 2:47:14 PM;12.784;6.39200000000001;12.5892;1916.23829133333;N;2224.12629366667;W;744.47485809546;3791091.42444154;1494620.74755832;414785.228904773;97.8575348854065;582777.734850378;279574.616939131;605466.854109621;0;135454.760331975;96675.4982800553;278366.095214364;87.5320547945205;476.815053652968;4370.27574576823;71.6438646847252;88.4162169641621;170.381921137403;16.7911477929612;66.9134746716033
7/7/2019 2:52:14 PM;12.7506666666667;6.37533333333334;12.5579333333333;1917.241532;N;2223.73571966667;W;740.07234740453;3791153.23784922;1494620.74755832;414790.23062144;94.5517694950104;582785.810452483;279574.616939131;605471.855826288;0;135454.760331975;96675.4982800553;278366.095214364;87.524109589041;476.709442009133;4368.90843894206;71.6214498187222;88.408191504082;169.227739822929;17.1983689406001;66.4624195434891
7/7/2019 2:57:14 PM;12.7166666666666;6.35833333333331;12.7073333333333;1918.23941233334;N;2223.33165833334;W;742.994075207095;3791214.99712894;1494620.74755832;414795.232404773;90.5877864360809;582793.429187494;279574.616939131;605476.857609622;0;135454.760331975;96675.4982800553;278366.095214364;87.8920728929384;476.155894988611;4382.18647146824;71.8391224830859;88.7798716090288;169.606323972539;16.2133186711985;65.6005094496551
7/7/2019 3:02:14 PM;12.719;6.3595;12.6636;1919.23307266666;N;2222.928615;W;746.233454550881;3791277.07870087;1494620.74755832;414800.234171441;93.1059873104095;582801.126511765;279574.616939131;605481.859376289;0;135454.760331975;96675.4982800553;278366.095214364;88.0474829931973;476.00276462585;4388.53474369634;71.943192519612;88.9368515082801;169.988287572401;16.8724889192199;66.2875718107002
7/7/2019 3:07:14 PM;12.7546666666667;6.37733333333334;12.7262;1920.23133033333;N;2222.52610766666;W;743.52510049287;3791339.19377661;1494620.74755832;414805.236204774;95.4102551937103;582808.697511069;279574.616939131;605486.861409622;0;135454.760331975;96675.4982800553;278366.095214364;87.9961363636363;477.253296590909;4397.49703868566;72.0901153882895;88.8849862258952;169.123386668883;16.0957913108288;65.915557019164
7/7/2019 3:12:14 PM;12.7456666666667;6.37283333333333;12.7809333333333;1921.225696;N;2222.11323066667;W;746.362207403437;3791401.3350565;1494620.74755832;414810.237871441;92.6425194740295;582816.834464457;279574.616939131;605491.863076289;0;135454.760331975;96675.4982800553;278366.095214364;88.1733333333332;476.44020430839;4398.82423588433;72.1118727194152;89.063973063973;169.615235730613;16.0654429984203;65.6416426643129
7/7/2019 3:17:14 PM;12.7223333333333;6.36116666666665;12.8240666666667;1922.21822966667;N;2221.69805933333;W;744.285604454869;3791462.93562567;1494620.74755832;414815.156271442;93.0876986455109;582824.511021001;279574.616939131;605496.78147629;0;135454.760331975;96675.4982800553;278366.095214364;88.1439455782312;476.201779591837;4395.17595167241;72.052064781515;89.0342884628598;169.261157997045;15.5836421178596;65.2994538173775
7/7/2019 3:22:14 PM;12.6706666666666;6.33533333333331;12.9171666666667;1923.20662133333;N;2221.28118966666;W;746.202340661463;3791524.55279105;1494620.74755832;414820.158104776;96.3952803611755;582832.287154678;279574.616939131;605501.783309624;0;135454.760331975;96675.4982800553;278366.095214364;88.3570588235294;475.149220588235;4396.08111789532;72.0669035720545;89.2495543672014;169.654537673102;14.9535033552637;65.2308137073814
7/7/2019 3:27:14 PM;12.5296666666666;6.26483333333332;12.7073;1924.18894366666;N;2220.87390166666;W;746.571344361347;3791586.80504508;1494620.74755832;414825.159804776;95.7004344463348;582840.243592155;279574.616939131;605506.785009624;0;135454.760331975;96675.4982800553;278366.095214364;88.0294090909089;475.688832272727;4384.71106690606;71.880509293542;88.9185950413225;170.164986321411;16.3750535040991;66.2770678502878
7/7/2019 3:32:14 PM;12.6469999999999;6.32349999999997;12.5945333333333;1925.17062633333;N;2220.46855233334;W;745.173256249656;3791648.88293418;1494620.74755832;414830.16168811;95.9379637241364;582848.301474726;279574.616939131;605511.786892958;0;135454.760331975;96675.4982800553;278366.095214364;87.9057272727273;476.232397727273;4383.56617017285;71.8617404946369;88.7936639118457;170.020886203616;17.2916514741849;66.7833468980954
7/7/2019 3:37:14 PM;12.7386666666667;6.36933333333333;12.7847666666667;1926.16747933334;N;2220.08142133334;W;748.102343331798;3791711.18419287;1494620.74755832;414835.163571444;93.0217480659485;582856.058013097;279574.616939131;605516.788776292;0;135454.760331975;96675.4982800553;278366.095214364;88.3153846153846;475.666102941176;4398.77601418698;72.1110821997866;89.2074592074592;170.021325268991;16.0932962094504;65.7928396109478
7/7/2019 3:42:14 PM;12.7199999999999;6.35999999999997;12.8578666666667;1927.177114;N;2219.72308833333;W;748.596810570186;3791773.54910055;1494620.74755832;414840.165621444;102.082815170288;582864.259088481;279574.616939131;605521.790826292;0;135454.760331975;96675.4982800553;278366.095214364;88.3214932126697;474.799429411765;4391.05919848729;71.9845770243818;89.2136295077471;170.457512558282;15.4199604894409;66.1610494615386
7/7/2019 3:47:14 PM;12.6276666666666;6.31383333333331;12.8437666666667;1928.180726;N;2219.36492099999;W;749.068276251763;3791835.96986666;1494620.74755832;414845.167471445;99.812593460083;582872.686149081;279574.616939131;605526.792676292;0;135454.760331975;96675.4982800553;278366.095214364;88.144081632653;474.533832426304;4379.77388789907;71.7995719327716;89.0344258915687;170.983190462753;15.346703175013;66.090305960534
7/7/2019 3:52:14 PM;12.5283333333333;6.26416666666666;12.8910333333333;1929.16555033333;N;2218.97734166666;W;747.305969736966;3791898.49536479;1494620.74755832;414850.169538112;93.3411526679993;582880.692735484;279574.616939131;605531.79474296;0;135454.760331975;96675.4982800553;278366.095214364;88.2466666666666;474.076559637188;4380.65676866197;71.8140453879013;89.1380471380473;170.530658526521;15.0452476653912;65.2107786040423
7/7/2019 3:57:14 PM;12.447;6.22350000000001;12.8541666666667;1930.13366033333;N;2218.566198;W;746.894965412199;3791960.65282998;1494620.74755832;414855.171271446;93.3304560184479;582888.444664016;279574.616939131;605536.796476293;0;135454.760331975;96675.4982800553;278366.095214364;88.4511060948082;474.983065914221;4399.22060088477;72.1183705063078;89.3445516109172;169.761246121419;15.6467513466427;65.3719419558788
7/7/2019 4:02:14 PM;12.4033333333334;6.20166666666669;12.9453666666667;1931.09615266666;N;2218.15268266667;W;747.356044956912;3792022.98563979;1494620.74755832;414860.17305478;99.0240669250488;582896.495332542;279574.616939131;605541.798259627;0;135454.760331975;96675.4982800553;278366.095214364;88.5204977375565;476.863632352941;4420.1331792297;72.4611996595034;89.41464417935;169.373312400967;14.7965801070863;65.377123098432
7/7/2019 4:07:14 PM;12.3640000000001;6.18200000000003;12.7741333333333;1932.05999533333;N;2217.75391000001;W;750.0554727989;3792085.34115614;1494620.74755832;414865.174871447;95.0820744037628;582904.618764846;279574.616939131;605546.800076295;0;135454.760331975;96675.4982800553;278366.095214364;88.224298642534;474.301738235294;4381.6271019252;71.829952490577;89.1154531742766;171.44070570244;15.8855156324559;66.1566742937587
7/7/2019 4:12:14 PM;12.4053333333334;6.20266666666669;12.8018333333333;1933.027071;N;2217.36691966667;W;749.092172920621;3792147.82872783;1494620.74755832;414870.176638115;95.7669925689697;582912.647948029;279574.616939131;605551.801842962;0;135454.760331975;96675.4982800553;278366.095214364;88.2191836734694;474.724298639455;4385.28343077952;71.8898923078611;89.1102865388581;170.618620284711;15.9209473504048;65.9997540122277
7/7/2019 4:17:14 PM;12.3053333333334;6.15266666666668;12.7848666666667;1933.99513266667;N;2216.98511199999;W;747.823143153663;3792210.25367267;1494620.74755832;414875.178471448;98.6672723293304;582920.687377433;279574.616939131;605556.803676296;0;135454.760331975;96675.4982800553;278366.095214364;88.2084353741496;475.202772335601;4389.16445315739;71.9535156255309;89.0994296708583;170.353128580602;15.8136999080394;66.2072555687904
7/7/2019 4:22:14 PM;12.2243333333334;6.11216666666668;12.7103333333333;1934.95485266666;N;2216.602063;W;749.747789770171;3792272.657207;1494620.74755832;414880.180371449;98.6847031116486;582928.909785002;279574.616939131;605561.805576297;0;135454.760331975;96675.4982800553;278366.095214364;88.0934693877551;475.418457369614;4385.45584758264;71.8927188128301;88.9833024118737;171.006334458092;16.4707373279179;66.7607554128607
7/7/2019 4:27:14 PM;12.2116666666666;6.10583333333331;12.6247333333333;1935.90869533333;N;2216.20769233334;W;744.832423201172;3792334.93340405;1494620.74755832;414885.182188116;99.3557524681091;582937.159009265;279574.616939131;605566.807392964;0;135454.760331975;96675.4982800553;278366.095214364;87.6930751708429;475.738704555809;4368.43264334389;71.6136498908835;88.5788638089321;170.513648128642;16.7405080593904;66.8732340012974
7/7/2019 4:32:14 PM;12.2696666666667;6.13483333333336;12.7488333333333;1936.85583433333;N;2215.79812566667;W;746.862083885335;3792397.19739725;1494620.74755832;414890.183971449;99.9898481369019;582945.509933539;279574.616939131;605571.809176297;0;135454.760331975;96675.4982800553;278366.095214364;88.2609523809523;474.482881859411;4385.11544767257;71.8871384864356;89.1524771524772;170.307380783374;16.3552582158403;66.4285478082972
7/7/2019 4:37:14 PM;12.2846666666667;6.14233333333335;12.6877666666666;1937.80671566667;N;2215.38509166667;W;745.706527965508;3792459.34497848;1494620.74755832;414895.185788117;98.430655002594;582953.71371397;279574.616939131;605576.810992964;0;135454.760331975;96675.4982800553;278366.095214364;88.0718367346938;474.949814739229;4380.0486454738;71.8040761553083;88.9614512471654;170.195876033705;16.6287777522068;66.5343932992111
7/7/2019 4:42:14 PM;12.259;6.1295;12.7069666666667;1938.76055566667;N;2214.97780766666;W;747.972750095094;3792521.57069225;1494620.74755832;414900.187638117;101.933809518814;582962.092562523;279574.616939131;605581.812842965;0;135454.760331975;96675.4982800553;278366.095214364;88.0949999999999;476.058035227273;4391.4329684197;71.9907044003229;88.9848484848485;170.379593608384;16.4712378779575;66.8838252305823
7/7/2019 4:47:14 PM;12.1999999999999;6.09999999999997;12.7081333333333;1939.72110833333;N;2214.59288733333;W;744.598426706919;3792583.83459906;1494620.74755832;414905.189438118;102.191376686096;582970.655955432;279574.616939131;605586.814642965;0;135454.760331975;96675.4982800553;278366.095214364;88.0386394557823;475.689452834467;4385.20282559242;71.8885709113511;88.9279186422044;169.651292145593;16.4332786633428;66.6312382098363
7/7/2019 4:52:15 PM;12.2446666666667;6.12233333333334;12.7376666666667;1940.679966;N;2214.20764333333;W;748.933757900546;3792646.13191912;1494620.74755832;414910.191154785;102.474203109741;582979.171911958;279574.616939131;605591.816359632;0;135454.760331975;96675.4982800553;278366.095214364;88.0502727272728;475.813156590909;4386.91071342252;71.9165690725003;88.9396694214875;170.752003830658;16.1440799080077;66.843801404684
7/7/2019 4:57:15 PM;12.2633333333333;6.13166666666666;12.7619;1941.641891;N;2213.81391433333;W;746.528430941617;3792708.45060603;1494620.74755832;414915.192788119;95.3929567337036;582987.399629751;279574.616939131;605596.817992966;0;135454.760331975;96675.4982800553;278366.095214364;88.1398639455782;475.525402267574;4388.71949858162;71.9462212882233;89.0301656015941;170.012323615757;16.0311244809259;65.9728804160906
7/7/2019 5:02:15 PM;12.2326666666666;6.11633333333332;12.7128333333333;1942.60351066667;N;2213.42907233333;W;746.523611663519;3792770.70917441;1494620.74755832;414920.194688119;93.7704348564148;582995.352021878;279574.616939131;605601.819892967;0;135454.760331975;96675.4982800553;278366.095214364;88.0551020408163;475.659275736962;4385.77068673749;71.8978801104506;88.944547515976;170.241897604897;16.4038202358899;66.1032828717912
7/7/2019 5:07:15 PM;12.287;6.14350000000002;12.7745333333333;1943.56639566667;N;2213.049607;W;745.842895830802;3792832.86431002;1494620.74755832;414925.196504786;95.300749540329;583003.18288591;279574.616939131;605606.821709634;0;135454.760331975;96675.4982800553;278366.095214364;88.1029090909091;476.314652272727;4394.24014084605;72.0367236204272;88.9928374655648;169.774404708267;15.7665682672566;65.8440101632116
7/7/2019 5:12:15 PM;12.3260000000001;6.16300000000003;12.7168666666667;1944.534764;N;2212.66757866667;W;748.085694012765;3792895.13693621;1494620.74755832;414930.198271453;96.8471825122833;583011.122040487;279574.616939131;605611.823492968;0;135454.760331975;96675.4982800553;278366.095214364;88.0521088435374;474.413124036281;4374.06768548456;71.7060276308944;88.9415240843815;170.988644751138;16.2902284249081;66.4497805731775
7/7/2019 5:17:15 PM;12.2876666666667;6.14383333333335;12.7061666666666;1945.506258;N;2212.297826;W;744.640569453167;3792957.34903458;1494620.74755832;414935.20003812;97.0720982551575;583019.284297507;279574.616939131;605616.825242968;0;135454.760331975;96675.4982800553;278366.095214364;87.9893181818182;475.190335454546;4378.13686875455;71.7727355533533;88.8780991735536;170.140524500427;16.3080001712816;66.2452982513107
7/7/2019 5:22:15 PM;12.3576666666667;6.17883333333337;12.7548333333333;1946.47723566667;N;2211.91997333333;W;747.227003104222;3793019.58833417;1494620.74755832;414940.201738121;92.8782892227173;583027.069812101;279574.616939131;605621.826942969;0;135454.760331975;96675.4982800553;278366.095214364;88.1673469387755;475.812127437642;4392.74897646798;72.0122783027538;89.0579262007834;170.182004463622;15.9865031443855;65.868122636041
7/7/2019 5:27:15 PM;12.338;6.16900000000002;12.7054;1947.45008233333;N;2211.54319966667;W;747.010972410647;3793081.76147192;1494620.74755832;414945.203521455;92.7767515182495;583034.922218504;279574.616939131;605626.828726302;0;135454.760331975;96675.4982800553;278366.095214364;88.0045909090909;476.072001363637;4387.05595400326;71.9189500656272;88.8935261707989;170.307040040527;16.3968552065086;66.0993751296253
7/7/2019 5:32:15 PM;12.3610000000001;6.18050000000003;12.8529;1948.42289166667;N;2211.160599;W;746.143837299071;3793144.12128799;1494620.74755832;414950.205854788;97.8507685661316;583042.856622083;279574.616939131;605631.831059636;0;135454.760331975;96675.4982800553;278366.095214364;88.2730316742082;475.097447058823;4391.41062291603;71.9903380805906;89.1646784587959;169.894034665286;15.4230904399333;65.6613479411744
7/7/2019 5:37:15 PM;12.2489999999999;6.12449999999997;12.7809666666667;1949.39095733333;N;2210.77794966667;W;746.990906218101;3793206.32887345;1494620.74755832;414955.208771455;95.1189351081848;583050.961727045;279574.616939131;605636.83399297;0;135454.760331975;96675.4982800553;278366.095214364;88.0864090909089;475.776484772727;4388.39713952676;71.9409367135535;88.9761707988983;170.146815317161;15.8000789748411;65.8889424688168
7/7/2019 5:42:15 PM;12.3583333333334;6.1791666666667;12.7531666666667;1950.35583;N;2210.39215266667;W;743.84514948766;3793268.47022244;1494620.74755832;414960.211654788;102.242342233658;583059.108893328;279574.616939131;605641.836859637;0;135454.760331975;96675.4982800553;278366.095214364;88.2206334841628;475.374055882353;4391.3621319362;71.9895431464952;89.111750994104;169.249130470086;16.3050258333225;66.3470621102967
7/7/2019 5:47:15 PM;12.3753333333334;6.1876666666667;12.7761;1951.32785600001;N;2210.00792466666;W;748.34615348611;3793330.73132072;1494620.74755832;414965.214504788;97.5786602497101;583067.407015273;279574.616939131;605646.839709637;0;135454.760331975;96675.4982800553;278366.095214364;88.2076190476191;475.484026303855;4391.73432604016;71.9956446891829;89.0986050986051;170.385205154772;15.9955977770685;66.208573903006
7/7/2019 5:52:15 PM;12.3606666666667;6.18033333333336;12.7992666666667;1952.29347566667;N;2209.607885;W;746.869988403757;3793392.99683153;1494620.74755832;414970.217321455;94.9846243858337;583075.53433826;279574.616939131;605651.842526304;0;135454.760331975;96675.4982800553;278366.095214364;88.2557918552035;474.494332352941;4384.98357328684;71.8849766112597;89.1472645002055;170.409053256587;15.8670572021927;65.7743193868888
7/7/2019 5:57:15 PM;12.3383333333334;6.1691666666667;12.7759333333333;1953.25574266666;N;2209.20553233333;W;747.963513586408;3793455.36410342;1494620.74755832;414975.220138122;98.1070947647095;583083.641998536;279574.616939131;605656.84534297;0;135454.760331975;96675.4982800553;278366.095214364;88.2740136054421;475.15583968254;4392.00579123967;72.0000949383552;89.1656703085274;170.329708016717;16.1057758637282;66.226097838119
7/7/2019 6:02:15 PM;12.301;6.15050000000001;12.7869;1954.213371;N;2208.79524833333;W;747.319401760622;3793517.62022226;1494620.74755832;414980.223104788;97.4708104133606;583091.705180399;279574.616939131;605661.848309638;0;135454.760331975;96675.4982800553;278366.095214364;88.2392307692307;475.411755882353;4392.63695989762;72.0104419655347;89.1305361305361;170.017858449901;16.0331489129704;66.0733435787157
7/7/2019 6:07:15 PM;12.3273333333334;6.16366666666669;12.6905333333333;1955.167035;N;2208.38113033334;W;747.938272636414;3793579.94664462;1494620.74755832;414985.225988122;101.261801719666;583099.860035964;279574.616939131;605666.851192971;0;135454.760331975;96675.4982800553;278366.095214364;88.1985034013606;475.116515419501;4387.88546044691;71.9325485319164;89.0893973751116;170.407473134255;16.8157632556578;66.9194566014731
7/7/2019 6:12:15 PM;12.3280000000001;6.16400000000003;12.5619666666667;1956.12908066667;N;2207.982312;W;743.747967449979;3793642.18488473;1494620.74755832;414990.228854789;103.499203920364;583108.494465731;279574.616939131;605671.854059638;0;135454.760331975;96675.4982800553;278366.095214364;87.7424145785877;475.149416628702;4365.50987751105;71.5657356969024;88.6287015945331;170.518940630173;17.295235837438;67.4508392671084
7/7/2019 6:17:15 PM;12.4526666666667;6.22633333333334;12.6893666666667;1957.10157833334;N;2207.59846333334;W;747.513284645413;3793704.35187675;1494620.74755832;414995.231738122;101.062105894089;583117.063447555;279574.616939131;605676.856942972;0;135454.760331975;96675.4982800553;278366.095214364;88.0670454545455;474.969876136364;4379.99789548105;71.8032441882139;88.9566115702479;170.63909423056;16.5475840128828;66.8729786031465
7/7/2019 6:22:15 PM;12.4723333333334;6.23616666666668;12.7680666666667;1958.08299266666;N;2207.21734533333;W;746.535550322864;3793766.64468379;1494620.74755832;415000.234654789;94.7617793083191;583125.249751405;279574.616939131;605681.859859639;0;135454.760331975;96675.4982800553;278366.095214364;88.0759183673469;475.411618367347;4384.48727322105;71.8768405446075;88.9655741084315;170.298477109021;15.9616226349846;65.8906165965293
7/7/2019 6:27:15 PM;12.5046666666667;6.25233333333333;12.7801666666667;1959.06551933333;N;2206.834579;W;750.056902696958;3793829.06125649;1494620.74755832;415005.237521455;94.2301690578461;583133.045280354;279574.616939131;605686.862726306;0;135454.760331975;96675.4982800553;278366.095214364;88.2692517006802;476.469526530613;4403.89862773307;72.195059471034;89.1608603037176;170.151706775719;16.0367227850028;66.0612451235725
7/7/2019 6:32:15 PM;12.4786666666667;6.23933333333334;12.7351;1982.04832366667;N;2206.455105;W;748.252291461597;3793890.99644738;1494620.74755832;415010.157004789;92.3356181484158;583140.793346813;279574.616939131;605691.782226306;0;135454.760331975;96675.4982800553;278366.095214364;88.0789115646257;476.833446938776;4397.78830532619;72.094890251249;88.968597540026;170.243996769897;16.152479874912;66.0103555369958
7/7/2019 6:37:15 PM;12.5;6.25;12.7209333333333;2001.03175233333;N;2206.07643033333;W;747.494129112797;3793952.86697178;1494620.74755832;415015.159904789;98.3028852939606;583148.672416334;279574.616939131;605696.785126307;0;135454.760331975;96675.4982800553;278366.095214364;88.0897959183672;476.512868707483;4395.35268723396;72.0549620858026;88.9795918367347;170.05784173243;16.3513314373529;66.4820172613032
7/7/2019 6:42:15 PM;12.515;6.25749999999999;12.7636666666667;2002.01459633333;N;2205.69422866667;W;746.41806054874;3794015.09335157;1494620.74755832;415020.162788122;96.4471793174744;583156.828352867;279574.616939131;605701.787992974;0;135454.760331975;96675.4982800553;278366.095214364;88.2942857142857;476.727185941044;4407.52831996116;72.2545626223141;89.186147186147;169.362233082794;16.2844851950333;66.0445545412118
7/7/2019 6:47:15 PM;12.482;6.241;12.7775666666667;2002.99905066667;N;2205.319809;W;747.705450133359;3794077.38079215;1494620.74755832;415025.165554789;94.5004177093506;583164.759222483;279574.616939131;605706.790759641;0;135454.760331975;96675.4982800553;278366.095214364;88.0627210884354;476.751293424036;4396.19557557406;72.0687799274437;88.952243523672;170.221312226196;15.7095101327763;65.9123176671864
7/7/2019 6:52:15 PM;12.4583333333334;6.22916666666668;12.7385;2003.97089233333;N;2204.92101133334;W;746.710065678231;3794139.74039443;1494620.74755832;415030.168388122;96.0165524482727;583172.711794398;279574.616939131;605711.793609641;0;135454.760331975;96675.4982800553;278366.095214364;87.849840546697;476.523706150342;4383.46277332107;71.8600454642799;88.7372126734314;170.386504993947;15.8079050294579;66.1504935435021
7/7/2019 6:57:15 PM;12.4716666666667;6.23583333333334;12.6797333333333;2004.93241233333;N;2204.50061466667;W;747.580058000181;3794201.95313817;1494620.74755832;415035.171438123;94.6478605270386;583180.686272614;279574.616939131;605716.796642974;0;135454.760331975;96675.4982800553;278366.095214364;87.9661363636363;476.855475909091;4392.33550001076;72.0055000001765;88.8546831955922;170.235522613402;16.4987196036302;66.4357797570647
7/7/2019 7:02:15 PM;12.4563333333334;6.22816666666668;12.7380333333333;2005.90320633333;N;2204.09036233334;W;746.768426119738;3794264.33098606;1494620.74755832;415040.174104789;96.8545174598694;583188.702349287;279574.616939131;605721.799326308;0;135454.760331975;96675.4982800553;278366.095214364;87.9784090909091;477.068395227272;4394.90987149974;72.0477028114713;88.8670798898073;169.97628171908;15.9759013027439;66.2246987800036
7/7/2019 7:07:15 PM;12.3586666666667;6.17933333333336;12.6782;2006.87481133333;N;2203.69707;W;746.180897691698;3794326.56888171;1494620.74755832;415045.176954789;96.4870011806488;583196.688098993;279574.616939131;605726.802159641;0;135454.760331975;96675.4982800553;278366.095214364;87.7607289293849;477.160655808657;4384.86617062199;71.8830519774098;88.6472009387728;170.296005162447;16.1527577955712;66.465869464882
7/7/2019 7:12:15 PM;12.3556666666667;6.17783333333336;12.7098666666667;2007.83396733334;N;2203.29697733334;W;747.887209130458;3794388.795299;1494620.74755832;415050.179804789;95.6146860122681;583204.682309106;279574.616939131;605731.805026308;0;135454.760331975;96675.4982800553;278366.095214364;87.9961904761904;476.882345804989;4394.09556975197;72.0343536024913;88.8850408850409;170.163536029415;16.2910542992822;66.3753412064756
7/7/2019 7:17:15 PM;12.3606666666667;6.18033333333336;12.6769;2008.794029;N;2202.89233933333;W;747.56227081974;3794451.17530122;1494620.74755832;415055.182704789;97.8234887123108;583212.739088672;279574.616939131;605736.807926309;0;135454.760331975;96675.4982800553;278366.095214364;87.9820909090908;476.411301363636;4389.048879226;71.951620970918;88.8707988980715;170.161705058246;16.6431099574159;66.6872235891318
7/7/2019 7:22:15 PM;12.3590000000001;6.17950000000003;12.628;2009.76031766667;N;2202.49826733333;W;745.36097319143;3794513.43244185;1494620.74755832;415060.185588122;90.7341742515564;583220.591006351;279574.616939131;605741.810792976;0;135454.760331975;96675.4982800553;278366.095214364;87.5456164383561;478.180774885845;4383.47747701421;71.8602865084296;88.4299155942991;170.125166654905;16.4026942565343;66.2114398597108
7/7/2019 7:27:15 PM;12.4056666666667;6.20283333333335;12.5833333333333;2010.72569633333;N;2202.102466;W;745.851282034619;3794575.64846141;1494620.74755832;415065.188471455;87.8303146362305;583228.024513155;279574.616939131;605746.813676309;0;135454.760331975;96675.4982800553;278366.095214364;87.8059681093395;477.730879043281;4392.37824629422;72.0062007589217;88.6928970801409;169.64260603403;17.2126754278133;66.2489082050802
7/7/2019 7:32:15 PM;12.468;6.23400000000001;12.6587666666667;2011.70262133333;N;2201.71873500001;W;744.389350823441;3794637.80562338;1494620.74755832;415070.191288122;94.9342381954193;583235.566862998;279574.616939131;605751.816509643;0;135454.760331975;96675.4982800553;278366.095214364;87.7098861047836;478.598666059226;4395.55080416099;72.0582099042785;88.5958445502866;169.378308515608;16.4211980225049;66.3061387809493
7/7/2019 7:37:15 PM;12.444;6.23238731218699;12.7152173913043;2012.68104666667;N;2201.33484433333;W;746.177171850715;3794699.79852363;1494620.74755832;415075.194338122;102.736301422119;583243.961010876;279574.616939131;605756.819542977;0;135454.760331975;96675.4982800553;278366.095214364;87.9975;476.556275;4391.14744511976;71.9860236904878;88.8863636363637;169.973002959856;16.2347685588728;66.7655867313535
7/7/2019 7:42:15 PM;12.3956666666667;6.19783333333337;12.7131333333333;2013.656283;N;2200.95059233333;W;745.653761480343;3794762.08022081;1494620.74755832;415080.197088122;105.292475223541;583252.589586425;279574.616939131;605761.822292977;0;135454.760331975;96675.4982800553;278366.095214364;88.0426363636364;475.765260454546;4386.11358349156;71.9035013687142;88.9319559228651;170.081710197596;16.3808445655618;66.9311748835975
7/7/2019 7:47:15 PM;12.3166666666667;6.15833333333336;12.5675666666667;2014.62581466667;N;2200.570959;W;742.959025279279;3794824.10536191;1494620.74755832;415085.199871455;104.314019680023;583261.410050861;279574.616939131;605766.82507631;0;135454.760331975;96675.4982800553;278366.095214364;87.7123462414578;476.427352164009;4375.74131763275;71.7334642234879;88.5983295368263;169.812762458454;17.3021460319632;67.4200508549736
7/7/2019 7:52:15 PM;12.331;6.16550000000002;12.659;2015.59033833333;N;2199.51992466667;W;746.878154853471;3794886.26917295;1494620.74755832;415090.202754789;95.3511464595795;583269.718002289;279574.616939131;605771.827959644;0;135454.760331975;96675.4982800553;278366.095214364;87.8240091116174;476.745955808656;4384.23358531112;71.8726817264118;88.711120314765;170.412473915211;16.485403548153;66.5346967476271
7/7/2019 7:57:15 PM;12.4136666666667;6.20683333333335;12.6924;2016.558356;N;2159.79221733333;W;747.621766153272;3794948.52474636;1494620.74755832;415095.205571456;101.84432387352;583278.001471593;279574.616939131;605776.830792977;0;135454.760331975;96675.4982800553;278366.095214364;87.9698181818181;475.761918863637;4382.45204017345;71.8434760684173;88.8584022038569;170.626164701194;16.4454446978155;66.9302423178629
7/7/2019 8:02:15 PM;12.4403333333334;6.22016666666668;12.6720666666667;2017.525705;N;2159.38693366667;W;744.538797835236;3795010.77701043;1494620.74755832;415100.208438122;95.3658986091614;583286.123514193;279574.616939131;605781.833659644;0;135454.760331975;96675.4982800553;278366.095214364;87.9640909090908;476.289290454545;4387.01670184366;71.9183065876011;88.85261707989;169.697624229259;16.7011083706369;66.2762112710362
7/7/2019 8:07:15 PM;12.468;6.23400000000001;12.7707;2018.49811466667;N;2158.992284;W;746.84068502659;3795072.96958713;1494620.74755832;415105.211354789;97.6423859596252;583294.252378784;279574.616939131;605786.836576311;0;135454.760331975;96675.4982800553;278366.095214364;88.0753741496599;477.180184353741;4400.78519444212;72.1440195810184;88.9650243935958;169.633590963846;15.9609555838833;66.1232296633301
7/7/2019 8:12:15 PM;12.427;6.21350000000002;12.6398333333334;2019.47258733333;N;2158.599287;W;744.038935518534;3795135.07568829;1494620.74755832;415110.214238122;93.4886312484741;583302.100549581;279574.616939131;605791.839459645;0;135454.760331975;96675.4982800553;278366.095214364;87.8927727272727;476.988968181818;4389.88076801902;71.9652584921151;88.7805785123969;169.543831268059;16.8196817283288;66.2695098168359
7/7/2019 8:17:15 PM;12.4283333333334;6.21416666666669;12.6309333333333;2020.45277733333;N;2158.22459766666;W;741.432987265108;3795197.02290129;1494620.74755832;415115.217104789;93.7165582180023;583309.801471784;279574.616939131;605796.842326312;0;135454.760331975;96675.4982800553;278366.095214364;87.6534246575341;477.211420091325;4379.97018499521;71.8027899179541;88.5388127853881;169.356942688742;16.6085622114942;66.1280314312473
7/7/2019 8:22:15 PM;12.4393333333334;6.21966666666669;12.6234666666667;2021.429393;N;2157.83939766666;W;746.688060607243;3795258.97026351;1494620.74755832;415120.219938123;91.8729150295258;583317.766968723;279574.616939131;605801.845159645;0;135454.760331975;96675.4982800553;278366.095214364;87.6770842824601;476.883616628702;4378.14964588645;71.7729450145319;88.5627113964245;170.496301935473;16.7809836832237;66.4301030377324
7/7/2019 8:27:15 PM;12.5036666666666;6.25183333333332;12.5196;2022.40590633333;N;2157.45033333333;W;742.833846773066;3795321.14747417;1494620.74755832;415125.222788123;96.6388034820557;583325.519384398;279574.616939131;605806.847992979;0;135454.760331975;96675.4982800553;278366.095214364;87.6273972602739;476.425314840183;4371.47968569934;71.6636014049072;88.5125224851253;170.008750350745;17.5388802334431;67.0564005017125
7/7/2019 8:32:15 PM;12.6283333333333;6.31416666666664;12.7101;2023.394386;N;2157.06381233333;W;746.250721912571;3795383.19734527;1494620.74755832;415130.225654789;92.5909173488617;583333.313188596;279574.616939131;605811.850859646;0;135454.760331975;96675.4982800553;278366.095214364;87.9094090909091;476.893347272727;4389.86084182979;71.9649318332753;88.7973829201103;169.952206845736;16.2109167719158;66.0016278194085
7/7/2019 8:37:15 PM;12.6593333333333;6.32966666666664;12.7003333333333;2024.39509166666;N;2156.679938;W;744.670908641401;3795445.4747823;1494620.74755832;415135.228621456;92.7125859260559;583341.224083938;279574.616939131;605816.853826313;0;135454.760331975;96675.4982800553;278366.095214364;87.7105694760821;475.289482004555;4365.15166779347;71.5598634064503;88.5965348243254;170.756781996126;15.9790633100839;65.9314746797214
7/7/2019 8:42:15 PM;12.74;6.36999999999999;12.8651666666667;2025.38396033333;N;2156.2564;W;748.744269972939;3795507.61532996;1494620.74755832;415140.231438123;91.2897670269012;583348.733002617;279574.616939131;605821.856659646;0;135454.760331975;96675.4982800553;278366.095214364;88.3065306122448;475.075994331066;4392.88466314635;72.0145026745303;89.1985157699443;170.395002823364;15.3301108476215;65.296409853367
7/7/2019 8:47:15 PM;12.7313333333334;6.36566666666668;12.8390333333333;2026.364285;N;2155.827064;W;749.559284824755;3795570.12480877;1494620.74755832;415145.234404789;89.3230998516083;583356.266787294;279574.616939131;605826.859609647;0;135454.760331975;96675.4982800553;278366.095214364;88.2957013574661;476.145285294118;4402.24364413605;72.1679285923943;89.1875771287535;170.110593785065;15.6487189470373;65.3371114904406
7/7/2019 8:52:15 PM;12.799;6.39950000000002;12.9812333333333;2027.35632366667;N;2155.40260333333;W;752.563369352974;3795632.7016078;1494620.74755832;415150.237271456;95.4941153526306;583364.059497684;279574.616939131;605831.86249298;0;135454.760331975;96675.4982800553;278366.095214364;88.545914221219;475.989392099323;4413.23770693236;72.3481591300387;89.4403173951706;170.493006516328;14.6026917292271;65.3242617249722
7/7/2019 8:57:15 PM;12.7836666666667;6.39183333333336;12.8761333333333;2028.35660233334;N;2154.99787666666;W;748.332624527636;3795695.33529784;1494620.74755832;415155.240154789;91.9626724720001;583371.916080962;279574.616939131;605836.865359648;0;135454.760331975;96675.4982800553;278366.095214364;88.4332126696832;477.494041176471;4421.58505507908;72.4850009029357;89.3264774441245;169.254931430168;15.3810118376546;65.2667306309452
7/7/2019 9:02:15 PM;12.8093333333334;6.4046666666667;12.9070666666667;2029.36046633333;N;2154.597232;W;747.149906395379;3795757.23518591;1494620.74755832;415160.159704789;89.0637559405828;583379.393403507;279574.616939131;605841.784909648;0;135454.760331975;96675.4982800553;278366.095214364;88.5778781038375;476.321458465012;4417.94397887544;72.4253111291056;89.4726041452902;169.102393690128;15.2703875151205;64.7856187816769
7/7/2019 9:07:15 PM;12.8326666666667;6.41633333333336;12.9031;2030.36570666666;N;2154.19927266667;W;760.607238832017;3795819.4896822;1494620.74755832;415165.162538123;96.5247166156769;583387.118120292;279574.616939131;605846.787759648;0;135454.760331975;96675.4982800553;278366.095214364;88.6370270270271;480.653347972973;4461.11003862106;73.1329514528043;89.5323505323504;170.415385026749;15.479015719582;66.4366085990809
7/7/2019 9:12:15 PM;12.8283333333334;6.41416666666669;12.9947333333333;2031.37298335184;N;2153.80196748058;W;758.161721271149;3795882.75535455;1494620.74755832;415170.165404789;91.7856073379517;583394.929326114;279574.616939131;605851.790609649;0;135454.760331975;96675.4982800553;278366.095214364;88.7472972972973;480.180484684685;4462.26708457141;73.1519194192034;89.6437346437345;169.99193171812;14.6837947591467;65.4029426185021
7/7/2019 9:17:15 PM;12.789;6.39450000000002;12.9437;2032.37484433333;N;2153.39844822222;W;753.800567860572;3795945.82287033;1494620.74755832;415175.168254789;91.7225825786591;583402.542638859;279574.616939131;605856.793459649;0;135454.760331975;96675.4982800553;278366.095214364;88.5697516930023;477.717549887133;4430.41259079066;72.6297146031255;89.4643956494971;170.119187516337;14.9169081280117;65.3233052818353
7/7/2019 9:22:15 PM;12.8153333333334;6.4076666666667;12.9376666666667;2033.37528622223;N;2152.99290544444;W;738.960692422428;3796008.27506781;1494620.74755832;415180.171188122;101.864894628525;583410.621679289;279574.616939131;605861.796392982;0;135454.760331975;96675.4982800553;278366.095214364;88.2806802721088;474.095708843537;4382.61578670562;71.8461604377969;89.1724043152616;168.653788552794;14.6144472795494;64.9951465325823
7/7/2019 9:27:15 PM;12.7986666666667;6.39933333333336;12.9044666666666;2034.37649333334;N;2152.59398288889;W;748.026871454377;3796070.06428915;1494620.74755832;415185.174088122;94.924453496933;583418.885748702;279574.616939131;605866.799292983;0;135454.760331975;96675.4982800553;278366.095214364;88.4943115124153;476.989080361174;4419.99461018439;72.4589280358096;89.3881934468841;169.219702262781;15.2009020099614;65.3290203991333
7/7/2019 9:32:15 PM;12.7323333333333;6.36616666666666;12.9446333333333;2035.37427233333;N;2152.19315333333;W;743.999842652967;3796132.1260458;1494620.74755832;415190.176938123;98.0411839485168;583426.740211658;279574.616939131;605871.802142983;0;135454.760331975;96675.4982800553;278366.095214364;88.4483972911964;478.551970880361;4432.20533115515;72.6591037894287;89.3418154456529;167.602765306314;14.8264535661643;65.0469139675916
7/7/2019 9:37:15 PM;12.7546666666667;6.37733333333333;12.8890333333333;2036.36413077778;N;2151.77961933333;W;753.363103187733;3796194.69130354;1494620.74755832;415195.179788123;101.666983366013;583435.134384982;279574.616939131;605876.804992983;0;135454.760331975;96675.4982800553;278366.095214364;88.7245598194131;479.714288261851;4456.77717236612;73.0619208584609;89.6207674943566;169.00990384796;15.613133983854;66.3373981676849
7/7/2019 9:42:15 PM;12.8016666666667;6.40083333333335;12.8974333333333;2037.35736;N;2151.36355588888;W;753.789723445204;3796257.48964576;1494620.74755832;415200.182588123;98.4109926223755;583443.516827953;279574.616939131;605881.807792984;0;135454.760331975;96675.4982800553;278366.095214364;88.6478378378379;479.767907432433;4453.3969501974;73.0065073802852;89.5432705432704;169.306137973713;15.4515864678223;66.0798949788103
7/7/2019 9:47:15 PM;12.8046666666667;6.40233333333335;12.9811;2038.35215788888;N;2150.94901144445;W;747.978710497421;3796320.09434638;1494620.74755832;415205.185438123;98.4762132167816;583451.780518408;279574.616939131;605886.810642984;0;135454.760331975;96675.4982800553;278366.095214364;88.8427027027028;479.435994594595;4460.13686410102;73.1169977721478;89.7401037401037;167.805047638049;14.96000045106;65.2085543771846
7/7/2019 9:52:15 PM;12.7533333333333;6.37666666666666;12.9146;2039.35122288889;N;2150.54888411111;W;758.465192613397;3796382.72988218;1494620.74755832;415210.188288123;98.7914657592773;583459.918723314;279574.616939131;605891.813492984;0;135454.760331975;96675.4982800553;278366.095214364;88.858382022472;481.779567640449;4482.73179494297;73.4874064744749;89.7559414368402;169.304773548256;15.5280297479639;66.3825442609376
7/7/2019 9:57:15 PM;12.8306666666667;6.41533333333336;12.9337333333333;2040.35154822223;N;2150.14707866666;W;755.897946592653;3796446.20512726;1494620.74755832;415215.191088123;94.4652199745178;583468.024665015;279574.616939131;605896.816292984;0;135454.760331975;96675.4982800553;278366.095214364;88.6556207674943;479.781263205418;4453.95078729823;73.01558667702;89.5511320883781;169.841810951212;15.1217992000378;65.7528381385228
7/7/2019 10:02:15 PM;12.795;6.39750000000001;12.8646666666667;2041.35282477778;N;2149.73881988889;W;749.776212504894;3796508.83897336;1494620.74755832;415220.193921457;89.4381558895111;583475.694811343;279574.616939131;605901.819126318;0;135454.760331975;96675.4982800553;278366.095214364;88.470203160271;478.240158690745;4430.33713371358;72.628477601862;89.3638415760311;169.303621462385;15.4817846739898;65.2328376495179
7/7/2019 10:07:15 PM;12.82;6.41000000000002;12.9039666666666;2042.35150411111;N;2149.332078;W;750.072639553524;3796571.35038507;1494620.74755832;415225.196788123;89.5612227916718;583483.175141914;279574.616939131;605906.822009651;0;135454.760331975;96675.4982800553;278366.095214364;88.4903619909502;478.781044117647;4436.38841252379;72.7276788938327;89.3842040312628;168.910138272068;15.2941489334878;65.0720819361709
7/7/2019 10:12:15 PM;12.784;6.392;12.9723666666666;2043.35535133334;N;2148.93007233333;W;748.983511408925;3796633.90033267;1494620.74755832;415230.199621457;95.0974416732788;583490.781143461;279574.616939131;605911.824826318;0;135454.760331975;96675.4982800553;278366.095214364;88.4332279909707;481.120336568849;4455.15418730069;73.0353145459129;89.3264929201724;168.302836810344;14.4293813257399;65.0662967857669
7/7/2019 10:17:15 PM;12.7956666666667;6.39783333333335;12.9041666666667;2044.35763644444;N;2148.537465;W;750.618000440491;3796696.40092354;1494620.74755832;415235.202538123;87.5366270542145;583498.481181385;279574.616939131;605916.827742985;0;135454.760331975;96675.4982800553;278366.095214364;88.4799095022625;479.700088235295;4444.35172631508;72.8582250215585;89.3736459618813;169.034166237145;15.1631395345566;64.9603301183503
7/7/2019 10:22:15 PM;12.8170000000001;6.41919866444077;12.9134113712375;2045.36555522223;N;2148.153345;W;747.604511342332;3796758.88064455;1494620.74755832;415240.205388123;94.9011039733887;583506.174770921;279574.616939131;605921.830609652;0;135454.760331975;96675.4982800553;278366.095214364;88.5922972972973;479.626277702703;4449.30256034855;72.939386235222;89.4871689871689;167.98896758943;15.1962110463384;65.2434387526401
7/7/2019 10:27:15 PM;12.7686666666667;6.38433333333335;12.8396666666667;2046.37125344445;N;2147.76553044445;W;747.800162867021;3796821.14770404;1494620.74755832;415245.208338123;88.5011494159698;583513.752003033;279574.616939131;605926.833542986;0;135454.760331975;96675.4982800553;278366.095214364;88.1791836734694;479.703605215419;4429.29069141228;72.6113228100374;89.0698824984537;168.821092597804;15.3520964968996;65.1391577159578
7/7/2019 10:32:15 PM;12.8163333333334;6.40816666666669;12.8924;2047.36284755557;N;2147.34062744445;W;748.227540019623;3796883.48427142;1494620.74755832;415250.211188123;94.3938839435577;583521.384722773;279574.616939131;605931.836409653;0;135454.760331975;96675.4982800553;278366.095214364;88.3660180995475;479.382197058824;4435.70054464556;72.7164023712387;89.2586041409568;168.669095337379;15.1518686528972;65.3589239257444
7/7/2019 10:37:15 PM;12.8116666666667;6.40583333333335;12.9625666666666;2048.35700166667;N;2146.91443844445;W;751.355648615228;3796946.1741016;1494620.74755832;415255.21410479;91.6545939445496;583529.117330287;279574.616939131;605936.83932632;0;135454.760331975;96675.4982800553;278366.095214364;88.5608126410834;478.173353950339;4434.25036610031;72.692628952464;89.4553663041246;169.364047543781;14.8222801744228;65.0336065010331
7/7/2019 10:42:15 PM;12.796;6.39800000000002;12.8440333333333;2049.35397844445;N;2146.49905844444;W;750.038748058419;3797008.72787288;1494620.74755832;415260.21695479;91.2334156036377;583536.729164104;279574.616939131;605941.842159653;0;135454.760331975;96675.4982800553;278366.095214364;88.4060633484163;479.984714705882;4443.27884737712;72.8406368422478;89.2990538872892;168.780505038178;15.7243285791998;65.5042948968517
7/7/2019 10:47:15 PM;12.922;6.46100000000002;12.9404333333333;2050.35737033333;N;2146.08517766667;W;743.489476394757;3797070.939998;1494620.74755832;415265.219838124;92.3734939098358;583544.351172;279574.616939131;605946.845042987;0;135454.760331975;96675.4982800553;278366.095214364;88.6145823927766;479.218316252821;4446.65098543018;72.8959177939374;89.5096791846227;167.217430183459;15.02760425393;64.5944499710982
7/7/2019 10:52:15 PM;12.9050000000001;6.45250000000003;12.8182333333333;2051.36841333333;N;2145.67480766667;W;732.022663683451;3797132.51254365;1494620.74755832;415270.222638124;90.0081825256348;583551.936850309;279574.616939131;605951.847842987;0;135454.760331975;96675.4982800553;278366.095214364;87.8956363636363;474.591505227273;4368.11774922897;71.6084876922783;88.7834710743802;167.53847167295;15.2064360652756;64.1325153341367
7/7/2019 10:57:15 PM;12.8853333333334;6.44266666666669;12.7971;2052.37985844445;N;2145.27610422222;W;749.239546039348;3797194.19711426;1494620.74755832;415275.225621457;96.1723816394806;583559.696851958;279574.616939131;605956.850826321;0;135454.760331975;96675.4982800553;278366.095214364;88.2561904761904;478.68878276644;4423.76168431025;72.5206833493483;89.147667147667;169.278013482462;15.8764858169272;66.0633609498034
7/7/2019 11:02:15 PM;12.88;6.44000000000002;12.8042666666666;2053.38896244445;N;2144.871793;W;748.388575755675;3797256.65663497;1494620.74755832;415280.228404791;96.5098392963409;583567.70898018;279574.616939131;605961.853609655;0;135454.760331975;96675.4982800553;278366.095214364;88.1654421768707;478.225354875284;4414.93459269077;72.3759769293569;89.0560021988592;169.531349119758;15.6550181483229;65.9914059877455
7/7/2019 11:07:15 PM;12.9123333333334;6.45616666666669;12.8545666666666;2054.39390644445;N;2144.45450555555;W;749.234851142337;3797319.07709463;1494620.74755832;415285.231221457;96.5833711624146;583575.880874321;279574.616939131;605966.856426322;0;135454.760331975;96675.4982800553;278366.095214364;88.3103619909503;478.454879411765;4424.30557218914;72.5295995440843;89.2023858494446;169.439311534216;15.4183824858994;65.7988609540005
7/7/2019 11:12:15 PM;12.8556666666667;6.42783333333336;12.8268;2055.39732766666;N;2144.03763522222;W;746.690492616445;3797381.45329916;1494620.74755832;415290.234104791;94.7816240787506;583583.841077319;279574.616939131;605971.859326322;0;135454.760331975;96675.4982800553;278366.095214364;88.2785972850678;477.739005882353;4416.09479251229;72.3949965985621;89.1703002879473;169.044889501234;15.6805663869939;65.6040411064089
7/7/2019 11:17:15 PM;12.8926666666667;6.44633333333337;12.8538;2056.40068666667;N;2143.62141033333;W;750.981997483041;3797443.86211246;1494620.74755832;415295.237004791;91.4103090763092;583591.55642573;279574.616939131;605976.862209656;0;135454.760331975;96675.4982800553;278366.095214364;88.4120361990949;477.487217647059;4420.45818813436;72.4665276743337;89.3050870697928;169.942855306845;15.510159478662;65.5445066934623
7/7/2019 11:22:15 PM;12.8893333333334;6.4446666666667;12.8624666666667;2057.40695833333;N;2143.20930833333;W;749.165037704242;3797506.47395273;1494620.74755832;415300.239904791;90.0574707984924;583599.133852641;279574.616939131;605981.865109656;0;135454.760331975;96675.4982800553;278366.095214364;88.2220408163265;477.042207482993;4406.84136882399;72.2433011282622;89.113172541744;169.719368134569;15.36720098059;65.2438766796168
7/7/2019 11:27:15 PM;12.8736666666667;6.43683333333336;12.7461333333333;2058.41135022222;N;2142.79547244444;W;746.131251037048;3797568.22520029;1494620.74755832;415305.159404791;88.42836881088;583606.556235345;279574.616939131;605986.784626323;0;135454.760331975;96675.4982800553;278366.095214364;88.1869387755101;477.309014058957;4407.55890038013;72.255063940658;89.0777159348588;169.37362452276;16.2401641462771;65.482062082292
7/7/2019 11:32:15 PM;12.9123333333334;6.45616666666669;12.7413;2059.41602322223;N;2142.37715033333;W;748.484926995811;3797630.00487111;1494620.74755832;415310.162238124;92.134462594986;583613.966486625;279574.616939131;605991.787459657;0;135454.760331975;96675.4982800553;278366.095214364;88.0780952380952;477.731749886622;4406.00456412732;72.2295830184806;88.9677729677728;169.907830865435;16.035449829031;65.9795733768331
7/7/2019 11:37:15 PM;12.9333333333334;6.46666666666669;12.8873333333333;2097.13096833333;N;2141.94886055556;W;749.025834316846;3797692.49418121;1494620.74755832;415315.165138124;96.4675140380859;583621.840231877;279574.616939131;605996.790359657;0;135454.760331975;96675.4982800553;278366.095214364;88.3244796380091;478.345617647059;4424.00479886067;72.5246688337816;89.2166460989989;169.663950518717;15.004860076958;65.6210555943256
7/7/2019 11:42:15 PM;12.8601328903655;6.44076539101501;12.8371333333333;2101.42201220866;N;2141.52069223085;W;750.787752599718;3797755.00940182;1494620.74755832;415320.16800479;95.7382714748383;583629.907396987;279574.616939131;606001.793226323;0;135454.760331975;96675.4982800553;278366.095214364;88.3297737556561;477.990794117647;4420.98830612952;72.4752181332709;89.2219936925819;169.80169424606;15.6189962534642;65.9442824410298
7/7/2019 11:47:15 PM;12.8040133779265;6.39131886477464;12.8700666666667;2102.41710756396;N;2141.09511401558;W;748.680417089929;3797817.56101687;1494620.74755832;415325.170921457;96.7033588886261;583637.869298664;279574.616939131;606006.796126324;0;135454.760331975;96675.4982800553;278366.095214364;88.3994117647057;477.123864705882;4416.46164484176;72.4010105711763;89.2923351158644;169.596903494245;15.3579501190764;65.6811996889144
7/7/2019 11:52:15 PM;12.7993355481728;6.41031613976708;12.8144666666667;2103.41543240844;N;2140.68203174251;W;748.377268532171;3797879.98366177;1494620.74755832;415330.173754791;92.8953552246094;583645.804869498;279574.616939131;606011.798976324;0;135454.760331975;96675.4982800553;278366.095214364;88.1372789115647;477.182578004535;4403.92902231814;72.1955577429204;89.027554456126;169.915801690321;15.5778871407437;65.6458482164945
7/7/2019 11:57:15 PM;12.8083333333334;6.40416666666669;12.7921666666667;2104.41431855555;N;2140.26340677778;W;749.993090884912;3797942.46220824;1494620.74755832;415335.17655479;94.8560321331024;583653.647845428;279574.616939131;606016.801759657;0;135454.760331975;96675.4982800553;278366.095214364;88.3261085972851;476.237147058823;4404.58481815811;72.2063084943953;89.2182915124091;170.282888814891;16.078259446052;66.0593097618073
